0.00000000e+00, 0.00000000e+00
-9.21715352e+00, 7.20805416e+00
3.90260828e+00, 1.14092385e+01
-8.38298544e+00, -2.95594794e+00
-9.29096450e+00, -7.83266768e-01
-2.18020578e+00, -1.04536270e+01
3.39073799e-01, 7.57391672e+00
-6.72982158e+00, 4.82950738e+00
2.47603059e+00, 1.22468309e+01
-3.01217122e+00, 1.01246235e+01
9.82212672e+00, -1.69857435e+00
1.26321487e+00, -1.00546839e+01
-5.35135909e+00, 7.13219763e+00
7.45387602e+00, -2.45825609e+00
-4.38878913e+00, -7.23382489e+00
7.75904842e+00, 9.81308136e-01
8.54358542e+00, -1.59611346e+00
-8.55933010e+00, -2.18301739e+00
-4.97442899e+00, -8.74714359e+00
8.81241750e+00, -4.02520610e+00
-6.43373610e-01, -8.89823826e+00
5.51111338e+00, 9.44965957e+00
-5.63148705e+00, 1.01939098e+01
-3.58612857e+00, -8.52851110e+00
6.80489517e+00, -8.36913494e+00
3.75572125e+00, -8.71757434e+00
2.11255068e+00, 9.68472301e+00
6.04205098e+00, -5.60028642e+00
-2.05457363e+00, 1.03969206e+01
1.45642629e+00, 9.62560733e+00
-8.89891793e+00, 5.15104674e+00
5.62977372e+00, 5.70610150e+00
1.14012302e+01, -4.93575930e+00
-7.63067776e+00, 8.26495508e+00
3.66284966e-01, 1.04160042e+01
2.19120154e+00, -7.82642015e+00
7.48849515e+00, -2.42920618e+00
5.23344724e-01, 8.36469751e+00
1.05570832e+01, -2.19480411e+00
5.27275061e+00, 5.97307306e+00
2.20656586e+00, 7.53300867e+00
3.61983898e-01, -1.03602713e+01
3.53843953e+00, 1.19886881e+01
1.17755413e+01, 4.16072397e+00
6.65857560e+00, -3.49655896e+00
-6.46287459e+00, 5.23272506e+00
-8.79490599e+00, -3.00923884e+00
8.86280224e+00, 6.40837976e+00
9.01064150e+00, -4.42000542e-01
-7.75053855e+00, -8.13912268e+00
1.04062514e+01, -5.27351725e+00
-4.83654066e-01, -1.23877326e+01
-1.08327771e+01, 1.87614056e-01
1.05741261e+01, 5.55560617e+00
1.39218163e+00, 1.05559900e+01
1.06498429e+00, 9.08165433e+00
-5.01682212e+00, -7.00758743e+00
-8.52959710e+00, -2.54159646e+00
-8.23813856e+00, -5.41310870e+00
5.28708035e+00, -7.50675814e+00
-7.51494349e+00, -5.34985859e+00
-1.08149205e+01, 1.16399659e+00
4.54833569e+00, 1.00819588e+01
-3.18713884e+00, -9.02360737e+00
3.68827617e+00, 8.46714504e+00
-5.27260477e+00, 9.82870664e+00
-4.82570192e+00, -1.11010477e+01
8.65999513e+00, 5.31741404e+00
9.08896024e+00, 6.07201422e+00
-8.65362682e+00, -5.73853904e+00
-2.71684185e+00, 1.10497368e+01
1.24186763e+01, 2.79270852e-01
-7.77769484e+00, 3.27994388e+00
-3.56331992e+00, -1.07491310e+01
1.42966331e+00, -9.31002858e+00
3.39850507e+00, 1.13100166e+01
7.42952033e+00, -5.05552887e+00
-8.86784982e+00, -4.60170820e+00
-1.18093619e+01, 5.65519756e-01
-2.54529352e+00, 9.64985104e+00
7.15034816e+00, 8.53943955e+00
-1.88461996e+00, -1.15377609e+01
7.23013753e+00, 6.89766003e+00
8.30069564e+00, -3.78767297e+00
4.84853491e+00, -1.06306542e+01
-5.13472191e+00, -7.95905243e+00
7.41327164e+00, 3.63420077e+00
-2.21854092e+00, 9.05002991e+00
8.83120521e+00, -3.85676264e+00
7.96511097e-01, -1.07643042e+01
-8.39099348e+00, -8.45948068e+00
-9.20107251e+00, 4.60208175e+00
-4.00847506e+00, 7.74590496e+00
-6.54035518e+00, 1.05633837e+01
9.54842392e+00, 3.24598627e-01
6.73977884e+00, 5.91670572e+00
-7.35292768e+00, 2.43558263e+00
-8.43946927e+00, 1.39762929e+00
-5.92841020e+00, 5.36830523e+00
7.81316842e+00, 8.50014281e+00
1.88523998e+00, -9.60531781e+00
-6.84566037e+00, -4.32145434e+00
-6.77334770e+00, 7.99075257e+00
4.77118412e+00, 8.65493932e+00
-8.71826918e+00, -6.01979249e+00
6.38476885e+00, 4.56774648e+00
1.52027188e+00, 9.79134570e+00
6.69894669e+00, -6.43065040e+00
1.05157428e+01, 2.44273305e+00
5.47292893e+00, -9.11263593e+00
-6.45855922e+00, -5.51079493e+00
-2.17765243e+00, -1.12016006e+01
-8.30872768e+00, 3.65792243e+00
5.72796787e+00, 8.39654420e+00
-6.93962962e+00, 6.34205970e+00
-5.18992073e+00, -7.10942148e+00
4.00833747e+00, -1.01684139e+01
1.07218100e+01, 4.04704337e-01
-6.61369717e+00, -8.27371914e+00
-1.81093103e+00, -9.13296215e+00
8.08851952e+00, 1.69582203e+00
-6.18942848e+00, -5.73517253e+00
7.50079919e+00, 2.69173167e-01
6.73972146e+00, -8.40930714e+00
7.85207674e+00, -7.46853485e+00
4.64927463e+00, 1.09814191e+01
-5.24524047e+00, -1.03965622e+01
-2.58293753e+00, -9.11365497e+00
1.02017324e+01, -4.60956993e+00
9.37198200e+00, -4.16850164e+00
3.74111192e+00, -1.16076638e+01
1.07812427e+01, -3.20467005e-01
-1.00577319e+01, -6.30679440e+00
3.16633390e+00, -1.09276210e+01
4.91122931e+00, 8.54154022e+00
-6.07862103e+00, -1.01897558e+01
-6.39566055e+00, -8.30783741e+00
1.01729587e+01, 2.13756223e+00
-1.16110505e+01, -1.10006206e+00
9.58866070e+00, 3.01581933e+00
-1.02080344e+01, 3.16787034e+00
-7.27837153e+00, 4.82994567e+00
3.99334176e+00, -9.56876220e+00
9.88218938e+00, -3.02138937e-01
-8.76652527e+00, -6.14166482e+00
9.44385862e+00, -4.92564026e+00
5.72491318e+00, -7.82150338e+00
1.27817593e+00, -1.19271381e+01
-8.51020929e+00, 1.20915569e+00
1.16700556e+01, -2.43599829e+00
1.17452259e+00, -1.13404598e+01
1.10116065e+01, -2.57231283e+00
-9.70716138e+00, -3.45569646e+00
-6.30852183e+00, 7.61648104e+00
-6.70803940e+00, -5.30696220e+00
2.95089935e+00, 8.89086498e+00
-8.94977147e+00, -6.19162899e+00
4.78362596e-01, 1.03069924e+01
6.69400219e+00, -3.48179559e+00
1.09013692e+01, -4.86085267e+00
2.78524142e+00, -9.54034957e+00
-2.20307194e+00, 7.97809109e+00
-1.79721941e-01, -1.19958102e+01
8.79448915e+00, 8.50342302e+00
9.86875003e+00, -5.06653523e+00
2.42748051e+00, 7.97454363e+00
1.14371299e+00, 8.05253011e+00
6.05395229e+00, 5.68402197e+00
9.73154431e+00, 7.15047603e+00
-9.46633018e+00, 2.13188562e-01
7.43140850e+00, -4.56273607e+00
-6.98038774e+00, 3.18716868e+00
9.28113798e+00, -1.20108862e-01
-4.47683155e+00, -7.23107779e+00
-7.22141483e+00, -9.51710158e+00
3.72540513e+00, -1.07037241e+01
-4.63023547e+00, 1.10934131e+01
4.31414670e+00, 1.07106471e+01
4.40582226e+00, 6.68618841e+00
9.75843645e+00, 3.72603432e+00
6.93639305e+00, -3.52371634e+00
5.09408777e+00, 9.10717651e+00
1.03499800e+01, -5.18865046e+00
1.72793563e+00, 1.10122473e+01
1.01351606e+01, 1.06418105e+00
-8.44262983e+00, -1.20769385e+00
-6.67417059e+00, -8.61713157e+00
-5.48090338e+00, 9.55564959e+00
-3.56431268e+00, -8.03552061e+00
-9.48323992e+00, -6.95802542e+00
5.85191394e+00, -8.27382127e+00
-7.83415018e+00, -7.09120535e-01
4.39914501e+00, -9.15286159e+00
-5.87386736e+00, 7.10650006e+00
-7.50120743e+00, 6.02699346e-01
-1.15882122e+01, -5.38794142e-01
-8.41025587e+00, 8.67888350e-01
2.56246464e-01, 7.91790962e+00
7.73284443e+00, -1.90605985e+00
4.50483364e-01, -9.86946115e+00
-8.84407446e-01, -1.03553648e+01
1.86917557e+00, -7.76007961e+00
5.95419569e-01, 8.85448579e+00
-1.91090920e+00, 1.10699302e+01
9.28204396e+00, 6.45221546e+00
-3.25777225e+00, -8.61212117e+00
-4.82755993e+00, 9.62759830e+00
-5.69451500e+00, 5.48474947e+00
5.90721772e+00, -5.50152050e+00
-1.06637572e+01, -1.95580543e+00
8.16495863e+00, 7.87098275e+00
2.27145808e+00, 9.22084490e+00
-8.26907716e+00, 3.65599236e+00
-7.89966326e+00, 1.92620367e+00
-4.56188784e+00, -1.04798064e+01
7.47255100e+00, 2.28248294e+00
9.37674246e+00, 7.70973457e+00
-3.28363903e+00, -1.01753421e+01
-1.02568915e+01, -5.44405404e+00
-8.05239213e+00, 8.13479571e+00
-8.76602948e+00, 7.50490677e+00
5.75157366e+00, -1.02418908e+01
-7.14424325e+00, -7.11197275e+00
1.06735072e+01, 1.99963817e+00
5.06589670e+00, 6.44164434e+00
-1.08184572e+00, -1.16713741e+01
7.14265794e+00, 5.58173046e+00
-1.25994200e+00, 9.81837483e+00
1.01949462e+01, -3.52826573e+00
1.04925573e+01, -4.43746000e+00
-6.34153665e+00, -8.12272710e+00
-7.47377161e+00, -7.89298487e+00
1.11853640e+01, 2.02115379e+00
1.72916769e+00, -1.11859575e+01
5.55403824e+00, 1.05244333e+01
-7.02749867e+00, 6.70817632e+00
6.22438991e+00, -6.67738928e+00
-2.19634904e-02, -1.15289240e+01
-1.31572219e+00, 9.37935958e+00
-1.09341376e+01, 4.96291531e+00
-9.64786770e+00, 1.73853997e+00
-7.73592329e+00, -4.04655499e+00
-1.11597756e+01, 1.39973985e+00
7.88915236e+00, 8.76741087e+00
6.09968067e+00, -4.38818643e+00
-4.11436024e+00, -9.93414809e+00
1.92657030e+00, -1.21467463e+01
8.53055029e+00, -3.12801910e-01
4.65504278e+00, -8.65697612e+00
3.31199476e+00, 8.93206484e+00
-4.86349654e+00, 9.71931375e+00
-6.22141283e+00, -7.55405186e+00
1.01988210e+01, 3.74595327e-01
-1.02969538e+01, 3.77419841e+00
-5.02243805e+00, 6.97584793e+00
8.75810322e+00, 2.87398350e+00
1.18530189e+01, -9.99232138e-01
-5.32366592e+00, 6.49846401e+00
2.45895587e+00, -1.06349186e+01
7.67082070e+00, 5.82656142e+00
5.47339201e+00, -5.89769320e+00
-7.18691007e+00, 5.52625565e+00
1.10263931e+01, -2.10242930e+00
7.18376014e+00, 2.48841947e+00
-6.72598320e+00, 3.74557901e+00
-8.16725315e+00, -7.94182387e+00
-9.24386971e+00, 2.37819318e+00
3.05045465e+00, 9.85533651e+00
7.63979300e+00, -1.83299869e+00
8.42734579e+00, -3.91226334e+00
8.51925012e+00, -8.45753863e+00
1.02671908e+01, 6.48434088e+00
1.00395659e+01, 2.98229451e-01
-7.93177532e-01, 1.06079768e+01
-6.55768889e+00, 8.96711157e+00
-4.64609619e+00, -9.15188949e+00
-9.75195513e+00, 4.37661502e+00
8.31336749e+00, -4.21009791e+00
-2.93455166e+00, 1.11245754e+01
9.39458524e+00, 4.10740146e-01
5.71084658e+00, -4.95133259e+00
7.35116250e+00, -3.72518241e+00
-8.48348959e+00, -2.62192681e+00
6.53645358e+00, 5.61169333e+00
-9.92702081e+00, 2.46680074e+00
9.07647672e+00, -2.57013536e+00
-5.57492979e+00, 6.72570051e+00
-6.98435797e+00, -6.19451595e+00
-3.44542404e+00, -9.39748215e+00
-3.67281963e+00, -9.94053307e+00
-3.93828763e+00, -7.76550306e+00
5.08813530e+00, 1.02474849e+01
4.42963427e+00, 9.72853605e+00
-7.11843595e+00, 4.05133121e+00
7.81414228e+00, 8.28562963e+00
-1.10197787e+01, -2.14066212e+00
-8.32854003e+00, -2.23501231e+00
-7.52810170e+00, 4.31521248e+00
-7.75317557e+00, 1.81360862e+00
-1.10148474e+00, 1.06436490e+01

