0.00000000e+00, 0.00000000e+00
-9.21715352e+00, 7.20805416e+00
3.90260828e+00, 1.14092385e+01
-8.38298544e+00, -2.95594794e+00
-9.29096450e+00, -7.83266768e-01
-2.18020578e+00, -1.04536270e+01
3.39073799e-01, 7.57391672e+00
-6.72982158e+00, 4.82950738e+00
2.47603059e+00, 1.22468309e+01
-3.01217122e+00, 1.01246235e+01
9.82212672e+00, -1.69857435e+00
1.26321487e+00, -1.00546839e+01
-5.35135909e+00, 7.13219763e+00
7.45387602e+00, -2.45825609e+00
-4.38878913e+00, -7.23382489e+00
7.75904842e+00, 9.81308136e-01
8.54358542e+00, -1.59611346e+00
-8.55933010e+00, -2.18301739e+00
-4.97442899e+00, -8.74714359e+00
8.81241750e+00, -4.02520610e+00
-6.43373610e-01, -8.89823826e+00
5.51111338e+00, 9.44965957e+00
-5.63148705e+00, 1.01939098e+01
-3.58612857e+00, -8.52851110e+00
6.80489517e+00, -8.36913494e+00
3.75572125e+00, -8.71757434e+00
2.11255068e+00, 9.68472301e+00
6.04205098e+00, -5.60028642e+00
-2.05457363e+00, 1.03969206e+01
1.45642629e+00, 9.62560733e+00
-8.89891793e+00, 5.15104674e+00
5.62977372e+00, 5.70610150e+00
1.14012302e+01, -4.93575930e+00
-7.63067776e+00, 8.26495508e+00
3.66284966e-01, 1.04160042e+01
2.19120154e+00, -7.82642015e+00
7.48849515e+00, -2.42920618e+00
5.23344724e-01, 8.36469751e+00
1.05570832e+01, -2.19480411e+00
5.27275061e+00, 5.97307306e+00
2.20656586e+00, 7.53300867e+00
3.61983898e-01, -1.03602713e+01
3.53843953e+00, 1.19886881e+01
1.17755413e+01, 4.16072397e+00
6.65857560e+00, -3.49655896e+00
-6.46287459e+00, 5.23272506e+00
-8.79490599e+00, -3.00923884e+00
8.86280224e+00, 6.40837976e+00
9.01064150e+00, -4.42000542e-01
-7.75053855e+00, -8.13912268e+00
1.04062514e+01, -5.27351725e+00
-4.83654066e-01, -1.23877326e+01
-1.08327771e+01, 1.87614056e-01
1.05741261e+01, 5.55560617e+00
1.39218163e+00, 1.05559900e+01
1.06498429e+00, 9.08165433e+00
-5.01682212e+00, -7.00758743e+00
-8.52959710e+00, -2.54159646e+00
-8.23813856e+00, -5.41310870e+00
5.28708035e+00, -7.50675814e+00
-7.51494349e+00, -5.34985859e+00
-1.08149205e+01, 1.16399659e+00
4.54833569e+00, 1.00819588e+01
-3.18713884e+00, -9.02360737e+00
3.68827617e+00, 8.46714504e+00
-5.27260477e+00, 9.82870664e+00
-4.82570192e+00, -1.11010477e+01
8.65999513e+00, 5.31741404e+00
9.08896024e+00, 6.07201422e+00
-8.65362682e+00, -5.73853904e+00
-2.71684185e+00, 1.10497368e+01
1.24186763e+01, 2.79270852e-01
-7.77769484e+00, 3.27994388e+00
-3.56331992e+00, -1.07491310e+01
1.42966331e+00, -9.31002858e+00
3.39850507e+00, 1.13100166e+01
7.42952033e+00, -5.05552887e+00
-8.86784982e+00, -4.60170820e+00
-1.18093619e+01, 5.65519756e-01
-2.54529352e+00, 9.64985104e+00
7.15034816e+00, 8.53943955e+00
-1.88461996e+00, -1.15377609e+01
7.23013753e+00, 6.89766003e+00
8.30069564e+00, -3.78767297e+00
4.84853491e+00, -1.06306542e+01
-5.13472191e+00, -7.95905243e+00
7.41327164e+00, 3.63420077e+00
-2.21854092e+00, 9.05002991e+00
8.83120521e+00, -3.85676264e+00
7.96511097e-01, -1.07643042e+01
-8.39099348e+00, -8.45948068e+00
-9.20107251e+00, 4.60208175e+00
-4.00847506e+00, 7.74590496e+00
-6.54035518e+00, 1.05633837e+01
9.54842392e+00, 3.24598627e-01
6.73977884e+00, 5.91670572e+00
-7.35292768e+00, 2.43558263e+00
-8.43946927e+00, 1.39762929e+00
-5.92841020e+00, 5.36830523e+00
7.81316842e+00, 8.50014281e+00
1.88523998e+00, -9.60531781e+00
-6.84566037e+00, -4.32145434e+00
-6.77334770e+00, 7.99075257e+00
4.77118412e+00, 8.65493932e+00
-8.71826918e+00, -6.01979249e+00
6.38476885e+00, 4.56774648e+00
1.52027188e+00, 9.79134570e+00
6.69894669e+00, -6.43065040e+00
1.05157428e+01, 2.44273305e+00
5.47292893e+00, -9.11263593e+00
-6.45855922e+00, -5.51079493e+00
-2.17765243e+00, -1.12016006e+01
-8.30872768e+00, 3.65792243e+00
5.72796787e+00, 8.39654420e+00
-6.93962962e+00, 6.34205970e+00
-5.18992073e+00, -7.10942148e+00
4.00833747e+00, -1.01684139e+01
1.07218100e+01, 4.04704337e-01
-6.61369717e+00, -8.27371914e+00
-1.81093103e+00, -9.13296215e+00
8.08851952e+00, 1.69582203e+00
-6.18942848e+00, -5.73517253e+00
7.50079919e+00, 2.69173167e-01
6.73972146e+00, -8.40930714e+00
7.85207674e+00, -7.46853485e+00
4.64927463e+00, 1.09814191e+01
-5.24524047e+00, -1.03965622e+01
-2.58293753e+00, -9.11365497e+00
1.02017324e+01, -4.60956993e+00
9.37198200e+00, -4.16850164e+00
3.74111192e+00, -1.16076638e+01
1.07812427e+01, -3.20467005e-01
-1.00577319e+01, -6.30679440e+00
3.16633390e+00, -1.09276210e+01
4.91122931e+00, 8.54154022e+00
-6.07862103e+00, -1.01897558e+01
-6.39566055e+00, -8.30783741e+00
1.01729587e+01, 2.13756223e+00
-1.16110505e+01, -1.10006206e+00
9.58866070e+00, 3.01581933e+00
-1.02080344e+01, 3.16787034e+00
-7.27837153e+00, 4.82994567e+00
3.99334176e+00, -9.56876220e+00
9.88218938e+00, -3.02138937e-01
-8.76652527e+00, -6.14166482e+00
9.44385862e+00, -4.92564026e+00
5.72491318e+00, -7.82150338e+00
1.27817593e+00, -1.19271381e+01
-8.51020929e+00, 1.20915569e+00
1.16700556e+01, -2.43599829e+00
1.17452259e+00, -1.13404598e+01
1.10116065e+01, -2.57231283e+00
-9.70716138e+00, -3.45569646e+00
-6.30852183e+00, 7.61648104e+00
-6.70803940e+00, -5.30696220e+00
2.95089935e+00, 8.89086498e+00
-8.94977147e+00, -6.19162899e+00
4.78362596e-01, 1.03069924e+01
6.69400219e+00, -3.48179559e+00
1.09013692e+01, -4.86085267e+00
2.78524142e+00, -9.54034957e+00
-2.20307194e+00, 7.97809109e+00
-1.79721941e-01, -1.19958102e+01
8.79448915e+00, 8.50342302e+00
9.86875003e+00, -5.06653523e+00
2.42748051e+00, 7.97454363e+00
1.14371299e+00, 8.05253011e+00
6.05395229e+00, 5.68402197e+00
9.73154431e+00, 7.15047603e+00
-9.46633018e+00, 2.13188562e-01
7.43140850e+00, -4.56273607e+00
-6.98038774e+00, 3.18716868e+00
9.28113798e+00, -1.20108862e-01
-4.47683155e+00, -7.23107779e+00
-7.22141483e+00, -9.51710158e+00
3.72540513e+00, -1.07037241e+01
-4.63023547e+00, 1.10934131e+01
4.31414670e+00, 1.07106471e+01
4.40582226e+00, 6.68618841e+00
9.75843645e+00, 3.72603432e+00
6.93639305e+00, -3.52371634e+00
5.09408777e+00, 9.10717651e+00
1.03499800e+01, -5.18865046e+00
1.72793563e+00, 1.10122473e+01
1.01351606e+01, 1.06418105e+00
-8.44262983e+00, -1.20769385e+00
-6.67417059e+00, -8.61713157e+00
-5.48090338e+00, 9.55564959e+00
-3.56431268e+00, -8.03552061e+00
-9.48323992e+00, -6.95802542e+00
5.85191394e+00, -8.27382127e+00
-7.83415018e+00, -7.09120535e-01
4.39914501e+00, -9.15286159e+00
-5.87386736e+00, 7.10650006e+00
-7.50120743e+00, 6.02699346e-01
-1.15882122e+01, -5.38794142e-01
-8.41025587e+00, 8.67888350e-01
2.56246464e-01, 7.91790962e+00
7.73284443e+00, -1.90605985e+00
4.50483364e-01, -9.86946115e+00
-8.84407446e-01, -1.03553648e+01
1.86917557e+00, -7.76007961e+00
5.95419569e-01, 8.85448579e+00
-1.91090920e+00, 1.10699302e+01
9.28204396e+00, 6.45221546e+00
-3.25777225e+00, -8.61212117e+00
-4.82755993e+00, 9.62759830e+00
-5.69451500e+00, 5.48474947e+00
5.90721772e+00, -5.50152050e+00
-1.06637572e+01, -1.95580543e+00
8.16495863e+00, 7.87098275e+00
2.27145808e+00, 9.22084490e+00
-8.26907716e+00, 3.65599236e+00
-7.89966326e+00, 1.92620367e+00
-4.56188784e+00, -1.04798064e+01
7.47255100e+00, 2.28248294e+00
9.37674246e+00, 7.70973457e+00
-3.28363903e+00, -1.01753421e+01
-1.02568915e+01, -5.44405404e+00
-8.05239213e+00, 8.13479571e+00
-8.76602948e+00, 7.50490677e+00
5.75157366e+00, -1.02418908e+01
-7.14424325e+00, -7.11197275e+00
1.06735072e+01, 1.99963817e+00
5.06589670e+00, 6.44164434e+00
-1.08184572e+00, -1.16713741e+01
7.14265794e+00, 5.58173046e+00
-1.25994200e+00, 9.81837483e+00
1.01949462e+01, -3.52826573e+00
1.04925573e+01, -4.43746000e+00
-6.34153665e+00, -8.12272710e+00
-7.47377161e+00, -7.89298487e+00
1.11853640e+01, 2.02115379e+00
1.72916769e+00, -1.11859575e+01
5.55403824e+00, 1.05244333e+01
-7.02749867e+00, 6.70817632e+00
6.22438991e+00, -6.67738928e+00
-2.19634904e-02, -1.15289240e+01
-1.31572219e+00, 9.37935958e+00
-1.09341376e+01, 4.96291531e+00
-9.64786770e+00, 1.73853997e+00
-7.73592329e+00, -4.04655499e+00
-1.11597756e+01, 1.39973985e+00
7.88915236e+00, 8.76741087e+00
6.09968067e+00, -4.38818643e+00
-4.11436024e+00, -9.93414809e+00
1.92657030e+00, -1.21467463e+01
8.53055029e+00, -3.12801910e-01
4.65504278e+00, -8.65697612e+00
3.31199476e+00, 8.93206484e+00
-4.86349654e+00, 9.71931375e+00
-6.22141283e+00, -7.55405186e+00
1.01988210e+01, 3.74595327e-01
-1.02969538e+01, 3.77419841e+00
-5.02243805e+00, 6.97584793e+00
8.75810322e+00, 2.87398350e+00
1.18530189e+01, -9.99232138e-01
-5.32366592e+00, 6.49846401e+00
2.45895587e+00, -1.06349186e+01
7.67082070e+00, 5.82656142e+00
5.47339201e+00, -5.89769320e+00
-7.18691007e+00, 5.52625565e+00
1.10263931e+01, -2.10242930e+00
7.18376014e+00, 2.48841947e+00
-6.72598320e+00, 3.74557901e+00
-8.16725315e+00, -7.94182387e+00
-9.24386971e+00, 2.37819318e+00
3.05045465e+00, 9.85533651e+00
7.63979300e+00, -1.83299869e+00
8.42734579e+00, -3.91226334e+00
8.51925012e+00, -8.45753863e+00
1.02671908e+01, 6.48434088e+00
1.00395659e+01, 2.98229451e-01
-7.93177532e-01, 1.06079768e+01
-6.55768889e+00, 8.96711157e+00
-4.64609619e+00, -9.15188949e+00
-9.75195513e+00, 4.37661502e+00
8.31336749e+00, -4.21009791e+00
-2.93455166e+00, 1.11245754e+01
9.39458524e+00, 4.10740146e-01
5.71084658e+00, -4.95133259e+00
7.35116250e+00, -3.72518241e+00
-8.48348959e+00, -2.62192681e+00
6.53645358e+00, 5.61169333e+00
-9.92702081e+00, 2.46680074e+00
9.07647672e+00, -2.57013536e+00
-5.57492979e+00, 6.72570051e+00
-6.98435797e+00, -6.19451595e+00
-3.44542404e+00, -9.39748215e+00
-3.67281963e+00, -9.94053307e+00
-3.93828763e+00, -7.76550306e+00
5.08813530e+00, 1.02474849e+01
4.42963427e+00, 9.72853605e+00
-7.11843595e+00, 4.05133121e+00
7.81414228e+00, 8.28562963e+00
-1.10197787e+01, -2.14066212e+00
-8.32854003e+00, -2.23501231e+00
-7.52810170e+00, 4.31521248e+00
-7.75317557e+00, 1.81360862e+00
-1.10148474e+00, 1.06436490e+01

0.00000000e+00, 0.00000000e+00
-9.09895845e+00, 7.26416292e+00
3.99717649e+00, 1.13131337e+01
-8.37057031e+00, -2.85731730e+00
-9.23661970e+00, -8.72255248e-01
-2.06475953e+00, -1.04231180e+01
2.61635372e-01, 7.53935098e+00
-6.74440835e+00, 4.73801915e+00
2.58611240e+00, 1.21608050e+01
-3.09834382e+00, 1.00438357e+01
9.78995224e+00, -1.59185164e+00
1.35743956e+00, -9.99173003e+00
-5.25324257e+00, 7.14999993e+00
7.44111212e+00, -2.37140063e+00
-4.43914720e+00, -7.15370816e+00
7.72998516e+00, 8.98800854e-01
8.51676356e+00, -1.50268489e+00
-8.49464119e+00, -2.25767977e+00
-5.03700387e+00, -8.65362066e+00
8.80855902e+00, -3.91693376e+00
-7.29134594e-01, -8.84725067e+00
5.57803336e+00, 9.34726404e+00
-5.50137269e+00, 1.01992229e+01
-3.48289017e+00, -8.52167599e+00
0.00000000e+00, 0.00000000e+00
3.64974494e+00, -8.71149272e+00
2.00512985e+00, 9.65737518e+00
5.95578383e+00, -5.63265542e+00
-2.14826134e+00, 1.03243466e+01
1.35288019e+00, 9.59199139e+00
-8.90589288e+00, 5.03627864e+00
5.54450918e+00, 5.73381334e+00
1.12948368e+01, -5.02507993e+00
-7.50984801e+00, 8.29990805e+00
4.68611965e-01, 1.03602153e+01
2.10196093e+00, -7.80912718e+00
7.42668388e+00, -2.49192021e+00
4.37076581e-01, 8.32803642e+00
1.04823076e+01, -2.28939217e+00
5.18660400e+00, 5.99587615e+00
2.12018013e+00, 7.51733140e+00
4.63775067e-01, -1.03048036e+01
3.64062516e+00, 1.18933296e+01
1.16750261e+01, 4.25766509e+00
6.59023887e+00, -3.54562083e+00
-6.48283127e+00, 5.14188719e+00
-8.78096910e+00, -2.90622486e+00
8.75437056e+00, 6.46494139e+00
8.96110692e+00, -5.29893945e-01
-7.79314979e+00, -8.02089302e+00
1.04069225e+01, -5.14307054e+00
-6.05111852e-01, -1.23209249e+01
-1.07766945e+01, 2.95003019e-01
1.04656684e+01, 5.63355310e+00
1.49077485e+00, 1.04892445e+01
1.15046895e+00, 9.02553682e+00
-4.92162295e+00, -7.02266298e+00
-8.51230458e+00, -2.44357449e+00
-8.14277378e+00, -5.46839629e+00
5.33567838e+00, -7.41630505e+00
-7.53081949e+00, -5.24792579e+00
-1.07491639e+01, 1.26632129e+00
4.42475761e+00, 1.00769951e+01
-3.26142104e+00, -8.94656646e+00
3.58513992e+00, 8.46163833e+00
-5.14793568e+00, 9.83225374e+00
-4.69054933e+00, -1.10937681e+01
8.56347976e+00, 5.37740158e+00
8.98276050e+00, 6.13252050e+00
-8.66770543e+00, -5.62328445e+00
-2.59275105e+00, 1.10216191e+01
1.23537578e+01, 4.02060532e-01
-7.70594227e+00, 3.34129384e+00
-3.65298236e+00, -1.06597151e+01
1.51560672e+00, -9.24912610e+00
3.49460239e+00, 1.12194471e+01
7.44287683e+00, -4.95592119e+00
-8.77744903e+00, -4.66735508e+00
-1.17559346e+01, 4.44596827e-01
-2.62905275e+00, 9.57610031e+00
7.19996494e+00, 8.42520797e+00
-1.99056857e+00, -1.14611898e+01
7.26292721e+00, 6.79083579e+00
8.29701425e+00, -3.68570271e+00
4.93058358e+00, -1.05289823e+01
-5.18860861e+00, -7.86786312e+00
7.41248142e+00, 3.54186476e+00
-2.11693421e+00, 9.02690924e+00
8.82556747e+00, -3.74914523e+00
9.00168416e-01, -1.07024748e+01
-8.43360852e+00, -8.33324833e+00
-9.20104572e+00, 4.48703949e+00
-3.91094342e+00, 7.74720181e+00
-6.61327019e+00, 1.04451357e+01
9.50387304e+00, 2.27489533e-01
6.64686617e+00, 5.95447896e+00
-7.29172810e+00, 2.49690779e+00
-8.41118080e+00, 1.30623529e+00
-5.95239326e+00, 5.28212713e+00
7.68907577e+00, 8.53574616e+00
1.77975055e+00, -9.57609242e+00
-6.76815301e+00, -4.36826294e+00
-6.81935902e+00, 7.88303057e+00
4.83385287e+00, 8.56390795e+00
-8.73483910e+00, -5.90248553e+00
6.30710156e+00, 4.60870824e+00
1.61057617e+00, 9.72713593e+00
6.60110362e+00, -6.46544646e+00
1.04875496e+01, 2.32535225e+00
5.35441514e+00, -9.12176411e+00
-6.48132160e+00, -5.41861034e+00
-2.27877285e+00, -1.11237784e+01
-8.23054929e+00, 3.72269565e+00
5.61533531e+00, 8.41180118e+00
-6.96831031e+00, 6.24091494e+00
-5.23502729e+00, -7.02192305e+00
4.08996458e+00, -1.00774495e+01
1.06722046e+01, 2.95461078e-01
-6.49786366e+00, -8.29845271e+00
-1.89319478e+00, -9.06913145e+00
8.06496350e+00, 1.60644271e+00
-6.10107810e+00, -5.76834322e+00
7.46051476e+00, 3.42832110e-01
6.79008900e+00, -8.29982979e+00
7.73810016e+00, -7.50968360e+00
4.73582874e+00, 1.08799869e+01
-5.11503204e+00, -1.03969989e+01
-2.66114420e+00, -9.04220371e+00
1.01045916e+01, -4.68852297e+00
9.28339365e+00, -4.24135964e+00
3.83847269e+00, -1.15121824e+01
1.07240889e+01, -4.26675820e-01
-9.94434521e+00, -6.37581890e+00
3.25976769e+00, -1.08412825e+01
0.00000000e+00, 0.00000000e+00
-6.15010729e+00, -1.00779903e+01
-6.28057612e+00, -8.33021878e+00
1.01434242e+01, 2.02513532e+00
-1.15639592e+01, -9.78447774e-01
9.51051199e+00, 3.09661200e+00
-1.01886311e+01, 3.04993767e+00
-7.29022453e+00, 4.73297600e+00
3.87766952e+00, -9.56080889e+00
9.82970592e+00, -3.99448573e-01
-8.78407355e+00, -6.02326621e+00
9.44585666e+00, -4.80655309e+00
5.61804215e+00, -7.83960205e+00
1.15250996e+00, -1.18802496e+01
-8.47968280e+00, 1.11799830e+00
1.16360308e+01, -2.30711055e+00
1.05524141e+00, -1.12954644e+01
1.09307873e+01, -2.66955844e+00
-9.62402424e+00, -3.53547380e+00
-6.20078180e+00, 7.64144448e+00
-6.62137599e+00, -5.34746538e+00
3.02503556e+00, 8.81684759e+00
-8.96690419e+00, -6.07114911e+00
0.00000000e+00, 0.00000000e+00
6.69527222e+00, -3.39740607e+00
1.08954389e+01, -4.72752042e+00
2.67589753e+00, -9.52045165e+00
-2.27181807e+00, 7.91609955e+00
-5.88647094e-02, -1.19375936e+01
8.83552691e+00, 8.37293779e+00
9.76870478e+00, -5.13987149e+00
2.33557672e+00, 7.95887687e+00
1.21850910e+00, 8.00075550e+00
6.08046989e+00, 5.59501271e+00
9.61135420e+00, 7.21201879e+00
-9.42107466e+00, 1.17458062e-01
7.34856806e+00, -4.61420207e+00
-6.97728025e+00, 3.10139369e+00
9.23587535e+00, -2.66961874e-02
-4.52672178e+00, -7.15009531e+00
-7.28045759e+00, -9.39727402e+00
3.81380255e+00, -1.06129146e+01
-4.49613684e+00, 1.10842165e+01
4.18545548e+00, 1.07002006e+01
4.31688836e+00, 6.69675057e+00
9.74686180e+00, 3.60980344e+00
6.86640028e+00, -3.57542428e+00
4.97752315e+00, 9.11254143e+00
0.00000000e+00, 0.00000000e+00
1.82941219e+00, 1.09398670e+01
1.00737951e+01, 1.16020672e+00
-8.38827169e+00, -1.28607195e+00
-6.55460265e+00, -8.64075434e+00
-5.54903486e+00, 9.45302657e+00
-3.46610968e+00, -8.03092698e+00
-9.36621433e+00, -7.01804631e+00
5.90536447e+00, -8.17389328e+00
-7.80199015e+00, -6.27226146e-01
4.46865689e+00, -9.06306213e+00
-5.91552555e+00, 7.01218355e+00
-7.46964038e+00, 5.24666704e-01
-1.15248461e+01, -6.51980568e-01
-8.35945613e+00, 9.47644288e-01
1.75783558e-01, 7.88080291e+00
7.67504307e+00, -1.97383913e+00
5.46923222e-01, -9.81555784e+00
-9.83535118e-01, -1.02946977e+01
1.93741211e+00, -7.70251116e+00
6.80983069e-01, 8.80419582e+00
-1.79064862e+00, 1.10336506e+01
9.17107946e+00, 6.51275249e+00
-3.15534131e+00, -8.60158313e+00
-4.70712683e+00, 9.62769738e+00
-5.61113732e+00, 5.51421538e+00
5.93264069e+00, -5.41488843e+00
-1.05908385e+01, -2.05265630e+00
8.04539602e+00, 7.91325044e+00
2.16787908e+00, 9.19740143e+00
0.00000000e+00, 0.00000000e+00
-7.87935351e+00, 1.83755811e+00
-4.64386118e+00, -1.03817534e+01
7.41228508e+00, 2.34577211e+00
9.25273519e+00, 7.76493177e+00
-3.36896082e+00, -1.00915874e+01
-1.01511337e+01, -5.51938530e+00
-8.09345128e+00, 8.01357069e+00
-8.64712174e+00, 7.55501811e+00
5.82521696e+00, -1.01331340e+01
-7.17960689e+00, -7.00493574e+00
1.06001016e+01, 2.09636724e+00
4.97610475e+00, 6.46003657e+00
-9.59719394e-01, -1.16237994e+01
7.16271401e+00, 5.48235776e+00
-1.15545205e+00, 9.78183176e+00
1.01086482e+01, -3.61255981e+00
1.03956845e+01, -4.52018327e+00
-6.22857272e+00, -8.14549172e+00
-7.51530351e+00, -7.77875150e+00
1.11091875e+01, 2.12289478e+00
1.83237547e+00, -1.11126975e+01
5.42100723e+00, 1.05273203e+01
-6.92524110e+00, 6.74487385e+00
6.26000094e+00, -6.58171454e+00
9.34356384e-02, -1.14714614e+01
-1.21534224e+00, 9.34556481e+00
-1.09290645e+01, 4.82874502e+00
-9.61696256e+00, 1.63335937e+00
-7.65671999e+00, -4.10365104e+00
-1.11179349e+01, 1.28113847e+00
7.76200845e+00, 8.80243862e+00
6.11299225e+00, -4.30519698e+00
-3.99443041e+00, -9.92558100e+00
2.03839974e+00, -1.20667142e+01
8.48470095e+00, -3.96540889e-01
4.71831281e+00, -8.56709523e+00
3.38473628e+00, 8.85423291e+00
-4.74196698e+00, 9.71931429e+00
-6.11473206e+00, -7.57845543e+00
1.01440329e+01, 4.74708798e-01
-1.02831719e+01, 3.65234357e+00
-4.92752784e+00, 6.99113816e+00
8.74299663e+00, 2.77201420e+00
1.18037109e+01, -8.75702820e-01
-5.36198733e+00, 6.41268022e+00
2.55300083e+00, -1.05571136e+01
7.69068930e+00, 5.72068781e+00
5.38699558e+00, -5.92288204e+00
-7.09566474e+00, 5.57045639e+00
1.09922464e+01, -1.98164579e+00
7.17264380e+00, 2.40411145e+00
-6.65482379e+00, 3.79406990e+00
-8.20580750e+00, -7.82041536e+00
-9.22137915e+00, 2.27384984e+00
3.13374185e+00, 9.77551040e+00
7.58318528e+00, -1.90021272e+00
8.42427916e+00, -3.80840418e+00
8.56120463e+00, -8.33003399e+00
1.02806696e+01, 6.34922917e+00
9.99230082e+00, 1.96341173e-01
-8.95288118e-01, 1.05469611e+01
-6.43520541e+00, 8.98782020e+00
-4.53132533e+00, -9.15254868e+00
-9.74692158e+00, 4.25719447e+00
8.31385026e+00, -4.10588773e+00
-3.03111503e+00, 1.10395705e+01
9.35166322e+00, 3.14738124e-01
5.63271289e+00, -4.98362706e+00
7.35159284e+00, -3.63301160e+00
-8.41479229e+00, -2.69363334e+00
6.44760326e+00, 5.64895551e+00
-9.85267133e+00, 2.55372542e+00
9.00533892e+00, -2.64803415e+00
-5.61427033e+00, 6.63627227e+00
-7.01133842e+00, -6.09366173e+00
-3.52215456e+00, -9.31599364e+00
-3.55503477e+00, -9.92751684e+00
-3.99622140e+00, -7.68723385e+00
5.16515248e+00, 1.01453319e+01
4.50475333e+00, 9.63555720e+00
-7.04226568e+00, 4.10222205e+00
7.85790142e+00, 8.16603201e+00
-1.09432343e+01, -2.24014903e+00
-8.30918251e+00, -2.14053442e+00
-7.53355571e+00, 4.21832237e+00
0.00000000e+00, 0.00000000e+00
-9.89536329e-01, 1.06014022e+01

0.00000000e+00, 0.00000000e+00
-8.98044629e+00, 7.32001855e+00
4.09161743e+00, 1.12166687e+01
0.00000000e+00, 0.00000000e+00
-9.18163876e+00, -9.61183654e-01
-1.94921862e+00, -1.03921311e+01
1.84163428e-01, 7.50381938e+00
-6.75833265e+00, 4.64606552e+00
2.69612020e+00, 1.20744311e+01
-3.18436967e+00, 9.96257223e+00
9.75722594e+00, -1.48503920e+00
1.45159144e+00, -9.92824015e+00
-5.15471237e+00, 7.16723917e+00
7.42748906e+00, -2.28427137e+00
-4.48909615e+00, -7.07293212e+00
7.70001979e+00, 8.16188680e-01
8.48921753e+00, -1.40912854e+00
0.00000000e+00, 0.00000000e+00
-5.09930278e+00, -8.55962360e+00
8.80415977e+00, -3.80842096e+00
-8.14838254e-01, -8.79556753e+00
5.64471546e+00, 9.24446991e+00
-5.37106389e+00, 1.02041754e+01
-3.37940625e+00, -8.51424013e+00
0.00000000e+00, 0.00000000e+00
3.54353040e+00, -8.70484246e+00
1.89759409e+00, 9.62947381e+00
5.86892203e+00, -5.66446202e+00
-2.24184830e+00, 1.02512884e+01
1.24925224e+00, 9.55779507e+00
-8.91241048e+00, 4.92125190e+00
5.45864368e+00, 5.76090368e+00
1.11881145e+01, -5.11425428e+00
-7.38872373e+00, 8.33453550e+00
5.70090605e-01, 1.03036277e+01
2.01250173e+00, -7.79102213e+00
7.36402289e+00, -2.55434913e+00
3.50766989e-01, 8.29058560e+00
1.04070653e+01, -2.38387828e+00
5.09988489e+00, 6.01801742e+00
2.03354967e+00, 7.50078644e+00
5.65542996e-01, -1.02488195e+01
3.74270672e+00, 1.17976311e+01
1.15741763e+01, 4.35448418e+00
6.52103727e+00, -3.59421738e+00
-6.50215857e+00, 5.05055013e+00
-8.76642188e+00, -2.80300887e+00
8.64556531e+00, 6.52122715e+00
8.91089101e+00, -6.17747058e-01
-7.83545458e+00, -7.90234795e+00
1.03550576e+01, -5.11643633e+00
-7.26551909e-01, -1.22537562e+01
-1.07201389e+01, 4.02379033e-01
1.03568679e+01, 5.71131550e+00
1.58929913e+00, 1.04220139e+01
1.23586960e+00, 8.96876026e+00
-4.82599455e+00, -7.03712607e+00
-8.49433804e+00, -2.34535902e+00
-8.04693441e+00, -5.52336515e+00
5.38389160e+00, -7.32531710e+00
-7.54615992e+00, -5.14561977e+00
-1.06829411e+01, 1.36859106e+00
4.30099698e+00, 1.00716157e+01
-3.33549550e+00, -8.86895570e+00
3.48174962e+00, 8.45553198e+00
-5.02305947e+00, 9.83540526e+00
-4.55524910e+00, -1.10861394e+01
8.46650885e+00, 5.43710308e+00
8.87617678e+00, 6.19276465e+00
-8.68135180e+00, -5.50774944e+00
-2.46856201e+00, 1.09930837e+01
1.22884795e+01, 5.24838502e-01
-7.63347441e+00, 3.40233366e+00
-3.74250438e+00, -1.05698895e+01
1.60144889e+00, -9.18760575e+00
3.59058127e+00, 1.11284974e+01
7.45566078e+00, -4.85593227e+00
-8.68655686e+00, -4.73274068e+00
-1.17021101e+01, 3.23658880e-01
-2.71266434e+00, 9.50181174e+00
7.24929080e+00, 8.31063596e+00
-2.09644763e+00, -1.13842182e+01
7.29531053e+00, 6.68363161e+00
8.29272305e+00, -3.58346157e+00
5.01245969e+00, -1.04269418e+01
-5.24215442e+00, -7.77615689e+00
7.41095590e+00, 3.44917740e+00
-2.01518142e+00, 9.00316569e+00
8.81937917e+00, -3.64129393e+00
1.00378577e+00, -1.06401703e+01
-8.47594524e+00, -8.20674098e+00
-9.20054718e+00, 4.37176717e+00
-3.81308269e+00, 7.74784674e+00
-6.68599270e+00, 1.03265836e+01
9.45871376e+00, 1.30365877e-01
6.55343909e+00, 5.99179139e+00
-7.22965259e+00, 2.55793301e+00
-8.38214223e+00, 1.21472479e+00
-5.97572676e+00, 5.19537262e+00
7.56470420e+00, 8.57103989e+00
1.67415519e+00, -9.54629704e+00
-6.68993351e+00, -4.41461192e+00
-6.86503915e+00, 7.77492571e+00
4.89532497e+00, 8.47196457e+00
-8.75099898e+00, -5.78490148e+00
6.22870651e+00, 4.64913820e+00
1.70078803e+00, 9.66236798e+00
6.50280033e+00, -6.49979175e+00
0.00000000e+00, 0.00000000e+00
5.23565249e+00, -9.13046831e+00
0.00000000e+00, 0.00000000e+00
-2.37980766e+00, -1.10455383e+01
-8.18842549e+00, 3.70430690e+00
5.50240423e+00, 8.42661096e+00
-6.99652280e+00, 6.13935085e+00
-5.27970533e+00, -6.93384981e+00
4.17141681e+00, -9.98605424e+00
1.06221168e+01, 1.86204464e-01
-6.38172492e+00, -8.32279645e+00
-1.97532758e+00, -9.00467350e+00
8.04060982e+00, 1.51690450e+00
-6.01216081e+00, -5.80097793e+00
7.41924530e+00, 4.16445788e-01
6.83978989e+00, -8.18975682e+00
7.62378413e+00, -7.55050292e+00
4.82222695e+00, 1.07781965e+01
-4.98464277e+00, -1.03970680e+01
-2.73917608e+00, -8.97015856e+00
1.00070488e+01, -4.76728946e+00
9.19432507e+00, -4.31399823e+00
3.93571532e+00, -1.14163466e+01
1.06664579e+01, -5.32865653e-01
-9.83062674e+00, -6.44463066e+00
3.35307790e+00, -1.07545329e+01
0.00000000e+00, 0.00000000e+00
-6.22138800e+00, -9.96588801e+00
-6.16518748e+00, -8.35219665e+00
1.01133857e+01, 1.91260776e+00
-1.15164611e+01, -8.56799062e-01
9.43184052e+00, 3.17723444e+00
-1.01687620e+01, 2.93186556e+00
-7.30146692e+00, 4.63560990e+00
3.76180308e+00, -9.55237676e+00
9.77665464e+00, -4.96735135e-01
-8.80122196e+00, -5.90459340e+00
9.44741830e+00, -4.68724386e+00
5.51082671e+00, -7.85722013e+00
1.02680672e+00, -1.18329769e+01
-8.44841093e+00, 1.02674264e+00
1.16016227e+01, -2.17814680e+00
9.35920491e-01, -1.12500436e+01
1.08495460e+01, -2.76670098e+00
-9.54039599e+00, -3.61507072e+00
-6.09268391e+00, 7.66596691e+00
-6.53412188e+00, -5.38749151e+00
3.09896634e+00, 8.74223145e+00
-8.98364852e+00, -5.95040628e+00
0.00000000e+00, 0.00000000e+00
6.69567215e+00, -3.31257502e+00
1.08891508e+01, -4.59403298e+00
2.56640147e+00, -9.50001232e+00
-2.34034050e+00, 7.85332859e+00
6.19944256e-02, -1.18789911e+01
8.87629525e+00, 8.24219724e+00
9.66826006e+00, -5.21299758e+00
2.24344782e+00, 7.94244304e+00
1.29317877e+00, 7.94815072e+00
6.10639470e+00, 5.50545799e+00
9.49085942e+00, 7.27333293e+00
-9.37519961e+00, 2.17198375e-02
7.26510898e+00, -4.66527962e+00
-6.97331070e+00, 3.01523552e+00
9.18996795e+00, 6.67183514e-02
-4.57620121e+00, -7.06846395e+00
-7.33926199e+00, -9.27713878e+00
3.90205372e+00, -1.05216982e+01
-4.36189371e+00, 1.10746636e+01
4.05661250e+00, 1.06893660e+01
4.22748504e+00, 6.70658453e+00
9.73480974e+00, 3.49339574e+00
6.79559352e+00, -3.62670836e+00
4.86071398e+00, 9.11745865e+00
0.00000000e+00, 0.00000000e+00
1.93081501e+00, 1.08670457e+01
1.00118982e+01, 1.25617119e+00
-8.33315867e+00, -1.36433430e+00
-6.43475212e+00, -8.66400458e+00
-5.61693461e+00, 9.35000878e+00
-3.36762181e+00, -8.02567335e+00
-9.24886741e+00, -7.07782643e+00
5.95849825e+00, -8.07352685e+00
-7.76893527e+00, -5.45259817e-01
4.53793058e+00, -8.97277956e+00
-5.95676236e+00, 6.91736755e+00
-7.43709484e+00, 4.46565333e-01
-1.14610678e+01, -7.65143680e-01
-8.30788427e+00, 1.02731270e+00
9.53009144e-02, 7.84281129e+00
7.61639355e+00, -2.04140028e+00
6.43331420e-01, -9.76108631e+00
-1.08261388e+00, -1.02335188e+01
2.00543597e+00, -7.64409717e+00
7.66492176e-01, 8.75320262e+00
-1.67031751e+00, 1.09969365e+01
9.05976054e+00, 6.57303783e+00
-3.05268473e+00, -8.59042996e+00
-4.58648339e+00, 9.62736623e+00
-5.52712581e+00, 5.54305842e+00
5.95743401e+00, -5.32768166e+00
-1.05174559e+01, -2.14941725e+00
7.92552550e+00, 7.95521528e+00
2.06415876e+00, 9.17335842e+00
0.00000000e+00, 0.00000000e+00
-7.83989267e+00, 1.82726740e+00
-4.72566091e+00, -1.02833123e+01
7.35115165e+00, 2.40878674e+00
9.12843918e+00, 7.81988666e+00
-3.45412875e+00, -1.00073718e+01
-1.00450140e+01, -5.59451978e+00
-8.13420914e+00, 7.89204735e+00
-8.52789988e+00, 7.60485500e+00
5.89865961e+00, -1.00240282e+01
-7.21457928e+00, -6.89751700e+00
1.05262339e+01, 2.19300492e+00
4.88580804e+00, 6.47777351e+00
-8.37559797e-01, -1.15758218e+01
7.18223327e+00, 5.38257419e+00
-1.05089559e+00, 9.74472571e+00
1.00219008e+01, -3.69669327e+00
1.02984191e+01, -4.60273587e+00
-6.11529105e+00, -8.16784081e+00
-7.55650875e+00, -7.66418002e+00
1.10325888e+01, 2.22455507e+00
1.93551270e+00, -1.10390097e+01
5.28779665e+00, 1.05298585e+01
-6.82256191e+00, 6.78116074e+00
6.29515255e+00, -6.48555678e+00
2.08831363e-01, -1.14135809e+01
-1.11488244e+00, 9.31115595e+00
-1.09236390e+01, 4.69441904e+00
-9.58548757e+00, 1.52808198e+00
-7.57687433e+00, -4.16040281e+00
-1.10756580e+01, 1.16248683e+00
7.63460043e+00, 8.83716686e+00
6.12549945e+00, -4.22164103e+00
-3.87432120e+00, -9.91656818e+00
2.15016800e+00, -1.19863200e+01
8.43809011e+00, -4.80244279e-01
4.78130547e+00, -8.47671070e+00
3.45725923e+00, 8.77582923e+00
-4.62023120e+00, 9.71889217e+00
-6.00768706e+00, -7.60240759e+00
1.00887122e+01, 5.74797338e-01
-1.02689549e+01, 3.53033415e+00
-4.83218451e+00, 7.00581387e+00
8.72726681e+00, 2.66984731e+00
1.17540114e+01, -7.52144456e-01
-5.39980382e+00, 6.32629258e+00
2.64693620e+00, -1.04788554e+01
7.71007756e+00, 5.61445690e+00
5.30002183e+00, -5.94743613e+00
-7.00388780e+00, 5.61423979e+00
1.09576659e+01, -1.86078406e+00
7.16061618e+00, 2.31949800e+00
-6.58285015e+00, 3.84209659e+00
-8.24405199e+00, -7.69871155e+00
-9.19829658e+00, 2.16936053e+00
3.21686973e+00, 9.69518729e+00
7.52570462e+00, -1.96720802e+00
8.42062618e+00, -3.70427994e+00
8.60288287e+00, -8.20226054e+00
1.02938278e+01, 6.21391951e+00
9.94448522e+00, 9.44420774e-02
-9.97357182e-01, 1.04854562e+01
-6.31245990e+00, 9.00816285e+00
-4.41632050e+00, -9.15273530e+00
-9.74144249e+00, 4.13757933e+00
8.31375947e+00, -4.00139429e+00
-3.12756728e+00, 1.09541609e+01
9.30811337e+00, 2.18714970e-01
5.55385097e+00, -5.01527722e+00
7.35128993e+00, -3.54047842e+00
-8.34542398e+00, -2.76512509e+00
6.35818997e+00, 5.68572446e+00
-9.77780791e+00, 2.64051689e+00
8.93360224e+00, -2.72575683e+00
-5.65314075e+00, 6.54628832e+00
-7.03783779e+00, -5.99238939e+00
-3.59868900e+00, -9.23398649e+00
0.00000000e+00, 0.00000000e+00
-4.05381719e+00, -7.60831452e+00
5.24197713e+00, 1.00428008e+01
4.57966650e+00, 9.54213797e+00
-6.96537991e+00, 4.15269610e+00
7.90136362e+00, 8.04612582e+00
-1.08662580e+01, -2.33954754e+00
-8.28910157e+00, -2.04587017e+00
-7.53836598e+00, 4.12107182e+00
0.00000000e+00, 0.00000000e+00
-8.77542832e-01, 1.05586723e+01

0.00000000e+00, 0.00000000e+00
-8.86161654e+00, 7.37561531e+00
4.18592616e+00, 1.11198412e+01
0.00000000e+00, 0.00000000e+00
-9.12601599e+00, -1.05004487e+00
-1.83358701e+00, -1.03606608e+01
1.06667532e-01, 7.46731188e+00
-6.77158311e+00, 4.55364866e+00
2.80604968e+00, 1.19877065e+01
-3.27024245e+00, 9.88082983e+00
9.72394144e+00, -1.37814180e+00
1.54566428e+00, -9.86420971e+00
-5.05577015e+00, 7.18390553e+00
7.41299543e+00, -2.19687436e+00
-4.53862513e+00, -6.99149438e+00
7.66914221e+00, 7.33479813e-01
8.46093881e+00, -1.31545057e+00
0.00000000e+00, 0.00000000e+00
-5.16131813e+00, -8.46515057e+00
8.79921193e+00, -3.69967085e+00
-9.00476891e-01, -8.74318249e+00
5.71115327e+00, 9.14127567e+00
-5.24056245e+00, 1.02087620e+01
-3.27568053e+00, -8.50619507e+00
0.00000000e+00, 0.00000000e+00
3.43708110e+00, -8.69761550e+00
0.00000000e+00, 0.00000000e+00
5.78146540e+00, -5.69569452e+00
-2.33532854e+00, 1.01777422e+01
1.14554756e+00, 9.52301179e+00
-8.91846355e+00, 4.80596866e+00
5.37217756e+00, 5.78736016e+00
1.10810617e+01, -5.20327753e+00
-7.26730535e+00, 8.36883120e+00
6.71540712e-01, 1.02465245e+01
1.92283009e+00, -7.77209467e+00
7.30050660e+00, -2.61648137e+00
2.64423634e-01, 8.25233673e+00
1.03313526e+01, -2.47825667e+00
5.01259434e+00, 6.03948437e+00
1.94668094e+00, 7.48336255e+00
6.67282162e-01, -1.01923142e+01
3.84467972e+00, 1.17015904e+01
1.14729900e+01, 4.45117663e+00
6.45096688e+00, -3.64233508e+00
-6.52084509e+00, 4.95871533e+00
-8.75125620e+00, -2.69959514e+00
8.53638564e+00, 6.57723048e+00
8.85998739e+00, -7.05552496e-01
-7.87744667e+00, -7.78348751e+00
1.03028231e+01, -5.08961949e+00
-8.47970362e-01, -1.21862231e+01
-1.06631056e+01, 5.09737122e-01
1.02477230e+01, 5.78888802e+00
1.68774881e+00, 1.03542941e+01
1.32117865e+00, 8.91131898e+00
0.00000000e+00, 0.00000000e+00
-8.45198420e+00, -2.33330205e+00
-7.95061902e+00, -5.57800729e+00
5.43171070e+00, -7.23379292e+00
-7.56095564e+00, -5.04294231e+00
-1.06162479e+01, 1.47080058e+00
4.17705625e+00, 1.00658145e+01
-3.40935432e+00, -8.79077156e+00
3.37810887e+00, 8.44881742e+00
-4.89797816e+00, 9.83815517e+00
-4.41980335e+00, -1.10781566e+01
8.36908083e+00, 5.49651103e+00
8.76920798e+00, 6.25274013e+00
-8.69455881e+00, -5.39193569e+00
-2.34427804e+00, 1.09641255e+01
1.22228380e+01, 6.47600959e-01
-7.56028730e+00, 3.46305289e+00
-3.83188039e+00, -1.04796515e+01
1.68718247e+00, -9.12546244e+00
3.68643663e+00, 1.10371648e+01
7.46786258e+00, -4.75556420e+00
-8.59517114e+00, -4.79785737e+00
-1.16478845e+01, 2.02709837e-01
-2.79612129e+00, 9.42698155e+00
7.29831938e+00, 8.19572316e+00
-2.20225235e+00, -1.13068430e+01
7.32727959e+00, 6.57604789e+00
8.28781320e+00, -3.48095309e+00
5.09415777e+00, -1.03245311e+01
-5.29535067e+00, -7.68393212e+00
7.40868412e+00, 3.35614273e+00
-1.91328749e+00, 8.97879157e+00
8.81263247e+00, -3.53321209e+00
1.10735791e+00, -1.05773863e+01
-8.51799808e+00, -8.07995877e+00
-9.19956989e+00, 4.25626736e+00
-3.71489627e+00, 7.74782991e+00
-6.75851769e+00, 1.02077265e+01
9.41293991e+00, 3.32337502e-02
6.45949722e+00, 6.02863313e+00
-7.16669544e+00, 2.61864628e+00
-8.35234489e+00, 1.12310434e+00
-5.99839828e+00, 5.10804257e+00
7.44005415e+00, 8.60601809e+00
1.56845869e+00, -9.51592494e+00
-6.61099945e+00, -4.46048937e+00
-6.91038089e+00, 7.66643762e+00
4.95650964e+00, 8.37952378e+00
-8.76674193e+00, -5.66704182e+00
6.14958186e+00, 4.68902359e+00
1.79090084e+00, 9.59703727e+00
6.40403686e+00, -6.53367709e+00
0.00000000e+00, 0.00000000e+00
5.11664286e+00, -9.13874182e+00
0.00000000e+00, 0.00000000e+00
-2.48075173e+00, -1.09668770e+01
-8.14568128e+00, 3.68563749e+00
5.38917625e+00, 8.44096606e+00
-7.02425814e+00, 6.03736808e+00
-5.32394468e+00, -6.84520045e+00
4.25268805e+00, -9.89422569e+00
1.05715418e+01, 7.69393099e-02
-6.26528192e+00, -8.34674339e+00
-2.05732172e+00, -8.93958342e+00
8.01544891e+00, 1.42721400e+00
-5.92267646e+00, -5.83306548e+00
7.37698137e+00, 4.90003646e-01
6.88918112e+00, -8.07931307e+00
7.50912868e+00, -7.59098608e+00
4.90846406e+00, 1.06760460e+01
-4.85407465e+00, -1.03967640e+01
-2.81702537e+00, -8.89751544e+00
9.90910194e+00, -4.84586342e+00
9.10477376e+00, -4.38641033e+00
4.03283503e+00, -1.13201543e+01
1.06083454e+01, -6.39031426e-01
-9.71657538e+00, -6.51322419e+00
3.44625912e+00, -1.06673697e+01
0.00000000e+00, 0.00000000e+00
-6.29245770e+00, -9.85344768e+00
-6.04949574e+00, -8.37376392e+00
1.00828370e+01, 1.79998373e+00
-1.14685517e+01, -7.35119753e-01
9.35264284e+00, 3.25767964e+00
-1.01484211e+01, 2.81365740e+00
-7.31208855e+00, 4.53784969e+00
3.64574543e+00, -9.54345910e+00
9.72303016e+00, -5.93992573e-01
-8.81796376e+00, -5.78564781e+00
9.44853696e+00, -4.56771486e+00
5.40326838e+00, -7.87434932e+00
9.01069780e-01, -1.17853157e+01
-8.41638526e+00, 9.35395363e-01
1.15668267e+01, -2.04911022e+00
8.16563787e-01, -1.12041927e+01
1.07678797e+01, -2.86373512e+00
-9.45627362e+00, -3.69448041e+00
-5.98422913e+00, 7.69004031e+00
-6.50098874e+00, -5.36067807e+00
3.17268352e+00, 8.66701274e+00
-8.99999795e+00, -5.82940187e+00
0.00000000e+00, 0.00000000e+00
6.69518870e+00, -3.22730694e+00
1.08824999e+01, -4.46039247e+00
2.45675729e+00, -9.47902469e+00
-2.40862902e+00, 7.78977269e+00
1.82851527e-01, -1.18199989e+01
8.91678889e+00, 8.11120161e+00
9.56741410e+00, -5.28590731e+00
2.15109943e+00, 7.92523215e+00
1.36771224e+00, 7.89470878e+00
6.13171523e+00, 5.41535845e+00
9.37005930e+00, 7.33441309e+00
-9.32869882e+00, -7.40198364e-02
7.18102909e+00, -4.71595852e+00
-6.96846652e+00, 2.92869916e+00
0.00000000e+00, 0.00000000e+00
-4.62525907e+00, -6.98618144e+00
-7.39782253e+00, -9.15669529e+00
3.99015303e+00, -1.04300723e+01
-4.22750831e+00, 1.10647495e+01
3.92762022e+00, 1.06781381e+01
4.13761507e+00, 6.71567820e+00
9.72227372e+00, 3.37681438e+00
6.72396898e+00, -3.67755601e+00
4.74366244e+00, 9.12192124e+00
0.00000000e+00, 0.00000000e+00
2.03213886e+00, 1.07937799e+01
9.94946538e+00, 1.35206842e+00
-8.27728442e+00, -1.44247203e+00
-6.31462003e+00, -8.68687572e+00
-5.68459629e+00, 9.24659471e+00
-3.26885302e+00, -8.01975021e+00
-9.13119847e+00, -7.13736013e+00
6.01130765e+00, -7.97272091e+00
-7.73497583e+00, -4.63230001e-01
4.60695875e+00, -8.88201155e+00
-5.99756851e+00, 6.82205143e+00
-7.40356026e+00, 3.68404575e-01
0.00000000e+00, 0.00000000e+00
-8.25553348e+00, 1.10688478e+00
1.48074077e-02, 7.80392570e+00
7.55688962e+00, -2.10873243e+00
7.39701820e-01, -9.70604127e+00
-1.18163800e+00, -1.01718233e+01
2.07323636e+00, -7.58483136e+00
8.51939141e-01, 8.70149976e+00
-1.54991965e+00, 1.09597829e+01
8.94808628e+00, 6.63306537e+00
-2.94980656e+00, -8.57865326e+00
-4.46563193e+00, 9.62659847e+00
-5.44248053e+00, 5.57126585e+00
5.98158549e+00, -5.23990090e+00
-1.04436056e+01, -2.24608263e+00
7.80534715e+00, 7.99687113e+00
1.96030188e+00, 9.14870850e+00
0.00000000e+00, 0.00000000e+00
-7.79960526e+00, 1.81678404e+00
-4.80728132e+00, -1.01844809e+01
7.28914482e+00, 2.47151517e+00
9.00385406e+00, 7.87459388e+00
-3.43757738e+00, -9.95805934e+00
-9.93853090e+00, -5.66945183e+00
-8.17465969e+00, 7.77022586e+00
-8.40836360e+00, 7.65441151e+00
5.97189606e+00, -9.91457199e+00
-7.24915262e+00, -6.78971675e+00
1.04745052e+01, 2.18248528e+00
4.79500826e+00, 6.49484345e+00
-7.15370734e-01, -1.15274370e+01
7.20120619e+00, 5.28238117e+00
-9.46277751e-01, 9.70705043e+00
9.93470115e+00, -3.78065993e+00
1.02007591e+01, -4.68511209e+00
-6.00169276e+00, -8.18976701e+00
-7.59738064e+00, -7.54927045e+00
1.09555644e+01, 2.32612953e+00
2.03857431e+00, -1.09648905e+01
5.15440829e+00, 1.05320427e+01
-6.71946114e+00, 6.81702862e+00
6.32983524e+00, -6.38891591e+00
3.24219367e-01, -1.13552784e+01
-1.01434827e+00, 9.27612611e+00
-1.09178560e+01, 4.55993944e+00
-9.55343609e+00, 1.42271269e+00
-7.49638343e+00, -4.21680029e+00
-1.10329400e+01, 1.04378890e+00
7.50692876e+00, 8.87158993e+00
6.13718837e+00, -4.13752113e+00
-3.75403542e+00, -9.90710340e+00
2.26187077e+00, -1.19055607e+01
8.39071056e+00, -5.63903918e-01
4.84401285e+00, -8.38582040e+00
3.52955559e+00, 8.69685037e+00
-4.49829152e+00, 9.71804111e+00
-5.90027886e+00, -7.62590013e+00
1.00328536e+01, 6.74855240e-01
-1.02542968e+01, 3.40817309e+00
-4.73641004e+00, 7.01986451e+00
8.71090556e+00, 2.56748724e+00
1.17039163e+01, -6.28560772e-01
-5.43710417e+00, 6.23930023e+00
2.74075625e+00, -1.04001407e+01
7.72897707e+00, 5.50787009e+00
5.21247149e+00, -5.97134320e+00
-6.91157825e+00, 5.65759626e+00
1.09226464e+01, -1.73984780e+00
7.14766501e+00, 2.23458539e+00
-6.51005887e+00, 3.88964605e+00
-8.28198056e+00, -7.57671270e+00
-9.17461466e+00, 2.06472986e+00
3.29983161e+00, 9.61436390e+00
7.46734450e+00, -2.03397342e+00
8.41637831e+00, -3.59989401e+00
8.64427937e+00, -8.07421847e+00
1.03066604e+01, 6.07841325e+00
9.89611353e+00, -7.46229906e-03
-1.09937930e+00, 1.04234578e+01
-6.18945353e+00, 9.02813324e+00
-4.30108425e+00, -9.15244229e+00
-9.73551147e+00, 4.01777223e+00
8.31308653e+00, -3.89662066e+00
-3.22390317e+00, 1.08683438e+01
9.26392924e+00, 1.22676913e-01
5.47426011e+00, -5.04626912e+00
7.35024271e+00, -3.44758678e+00
-8.30352385e+00, -2.75121883e+00
6.26821316e+00, 5.72198948e+00
-9.70242687e+00, 2.72716858e+00
8.86126256e+00, -2.80329552e+00
-5.69153066e+00, 6.45574794e+00
-7.06384704e+00, -5.89069974e+00
-3.67502009e+00, -9.15145758e+00
0.00000000e+00, 0.00000000e+00
-4.11106500e+00, -7.52874207e+00
5.31860348e+00, 9.93988967e+00
4.65436724e+00, 9.44827611e+00
-6.88777577e+00, 4.20274186e+00
7.94452279e+00, 7.92591104e+00
-1.07888464e+01, -2.43885235e+00
-8.26828811e+00, -1.95102513e+00
-7.54252242e+00, 4.02346383e+00
0.00000000e+00, 0.00000000e+00
-7.65508755e-01, 1.05154542e+01

0.00000000e+00, 0.00000000e+00
-8.74246877e+00, 7.43094737e+00
4.28009763e+00, 1.10226491e+01
0.00000000e+00, 0.00000000e+00
-9.06974573e+00, -1.13883158e+00
-1.71786883e+00, -1.03287012e+01
2.91575515e-02, 7.42981832e+00
-6.78414819e+00, 4.46077090e+00
2.91589647e+00, 1.19006287e+01
-3.35595569e+00, 9.79860542e+00
9.69009236e+00, -1.27116439e+00
1.63965172e+00, -9.79963423e+00
-4.95641773e+00, 7.19998904e+00
0.00000000e+00, 0.00000000e+00
0.00000000e+00, 0.00000000e+00
7.63734218e+00, 6.50682723e-01
8.43191883e+00, -1.22165735e+00
0.00000000e+00, 0.00000000e+00
-5.22304220e+00, -8.37019980e+00
8.79370764e+00, -3.59068678e+00
-9.86042589e-01, -8.69008927e+00
5.77734023e+00, 9.03767995e+00
-5.10987026e+00, 1.02129770e+01
-3.17171691e+00, -8.49753227e+00
0.00000000e+00, 0.00000000e+00
3.33040069e+00, -8.68980371e+00
0.00000000e+00, 0.00000000e+00
5.69341391e+00, -5.72634100e+00
-2.42869599e+00, 1.01037045e+01
1.04177149e+00, 9.48763496e+00
-8.92404489e+00, 4.69043122e+00
5.28511135e+00, 5.81317017e+00
1.09736766e+01, -5.29214479e+00
-7.14559343e+00, 8.40278887e+00
7.72956706e-01, 1.01889007e+01
1.83295239e+00, -7.75233431e+00
7.23612944e+00, -2.67830508e+00
1.78054439e-01, 8.21328148e+00
1.02551662e+01, -2.57252139e+00
4.92473358e+00, 6.06026429e+00
1.85958061e+00, 7.46504842e+00
7.68986889e-01, -1.01352829e+01
3.94653956e+00, 1.16052053e+01
1.13714650e+01, 4.54773772e+00
6.38002381e+00, -3.68996006e+00
-6.53887926e+00, 4.86638446e+00
-8.73546391e+00, -2.59598810e+00
8.42683080e+00, 6.63294476e+00
8.80838975e+00, -7.93302666e-01
-7.91911974e+00, -7.66431186e+00
1.02502151e+01, -5.06261818e+00
-9.69363229e-01, -1.21183223e+01
-1.06055903e+01, 6.17072166e-01
1.01382325e+01, 5.86626527e+00
1.78611809e+00, 1.02860811e+01
1.40638832e+00, 8.85320732e+00
0.00000000e+00, 0.00000000e+00
-8.40894077e+00, -2.32105471e+00
-7.85382630e+00, -5.63231454e+00
5.47912623e+00, -7.14173127e+00
-7.57519739e+00, -4.93989538e+00
-1.05490805e+01, 1.57294440e+00
4.05293802e+00, 1.00595856e+01
-3.48298944e+00, -8.71201063e+00
3.27422149e+00, 8.44148604e+00
-4.77269390e+00, 9.84049744e+00
-4.28421434e+00, -1.10698147e+01
8.27119427e+00, 5.55561782e+00
8.66185312e+00, 6.31244033e+00
-8.70731926e+00, -5.27584499e+00
-2.21990259e+00, 1.09347396e+01
1.21568299e+01, 7.70343992e-01
-7.48637709e+00, 3.52344090e+00
-3.92110470e+00, -1.03889986e+01
1.77279995e+00, -9.06269113e+00
3.78216332e+00, 1.09454470e+01
7.47947253e+00, -4.65481923e+00
-8.50328979e+00, -4.86269741e+00
-1.15932536e+01, 8.17537415e-02
-2.87941648e+00, 9.35160598e+00
7.34704426e+00, 8.08046930e+00
-2.30797784e+00, -1.12290609e+01
7.35882637e+00, 6.46808519e+00
8.28227581e+00, -3.37818104e+00
5.17567224e+00, -1.02217482e+01
-5.34818853e+00, -7.59118731e+00
7.40565501e+00, 3.26276498e+00
-1.81125755e+00, 8.95377919e+00
8.80531947e+00, -3.42490320e+00
1.21087941e+00, -1.05141188e+01
-8.55976144e+00, -7.95290197e+00
-9.19810678e+00, 4.14054279e+00
-3.61638776e+00, 7.74714133e+00
-6.83084009e+00, 1.00885634e+01
9.36654532e+00, -6.39005682e-02
6.36504030e+00, 6.06499419e+00
-7.10285096e+00, 2.67903534e+00
-8.32178005e+00, 1.03138069e+00
-6.02039521e+00, 5.02013807e+00
7.31512615e+00, 8.64067479e+00
1.46266602e+00, -9.48496940e+00
-6.53134853e+00, -4.50588315e+00
-6.95537694e+00, 7.55756602e+00
5.01739889e+00, 8.28658355e+00
-8.78206101e+00, -5.54890815e+00
6.06972589e+00, 4.72835135e+00
1.78202882e+00, 9.54957376e+00
6.30481343e+00, -6.56709314e+00
0.00000000e+00, 0.00000000e+00
4.99738829e+00, -9.14657784e+00
0.00000000e+00, 0.00000000e+00
-2.58159981e+00, -1.08877914e+01
-8.10231021e+00, 3.66668445e+00
5.27565317e+00, 8.45485895e+00
-7.05150730e+00, 5.93496743e+00
-5.36773502e+00, -6.75597378e+00
4.33377202e+00, -9.80196147e+00
1.05204747e+01, -3.23294261e-02
-6.14853579e+00, -8.37028650e+00
-2.13916927e+00, -8.87385638e+00
7.98947109e+00, 1.33737804e+00
-5.83262504e+00, -5.86459454e+00
7.33371342e+00, 5.63494814e-01
6.93825581e+00, -7.96849810e+00
7.39413396e+00, -7.63112628e+00
0.00000000e+00, 0.00000000e+00
-4.72332980e+00, -1.03960816e+01
-2.89468406e+00, -8.82427032e+00
9.81074895e+00, -4.92423880e+00
9.01473732e+00, -4.45858870e+00
4.12982692e+00, -1.12236032e+01
1.05497468e+01, -7.45167919e-01
-9.60219015e+00, -6.58159391e+00
3.53930579e+00, -1.05797899e+01
0.00000000e+00, 0.00000000e+00
-6.36331083e+00, -9.74066823e+00
-5.93350220e+00, -8.39491342e+00
1.00517721e+01, 1.68726755e+00
-1.14120845e+01, -7.30821002e-01
9.27291563e+00, 3.33794038e+00
-1.01276022e+01, 2.69531675e+00
-7.32207917e+00, 4.43969788e+00
3.52949973e+00, -9.53404916e+00
9.66882715e+00, -6.91214668e-01
-8.83429214e+00, -5.66643095e+00
9.44920604e+00, -4.44796851e+00
5.29536884e+00, -7.89098125e+00
7.75302825e-01, -1.17372620e+01
-8.38359730e+00, 8.43963368e-01
1.15316382e+01, -1.92000411e+00
6.97175405e-01, -1.11579071e+01
1.06857852e+01, -2.96065539e+00
-9.37165423e+00, -3.77369592e+00
-5.87541861e+00, 7.71365655e+00
-6.46725793e+00, -5.33337179e+00
3.24617874e+00, 8.59118772e+00
-9.01594590e+00, -5.70813742e+00
0.00000000e+00, 0.00000000e+00
6.69380838e+00, -3.14160654e+00
1.08754812e+01, -4.32660117e+00
2.34696920e+00, -9.45748181e+00
-2.47667316e+00, 7.72542643e+00
3.03702540e-01, -1.17606131e+01
8.95700253e+00, 7.97995128e+00
9.46616519e+00, -5.35859443e+00
2.05853741e+00, 7.90723416e+00
1.44209946e+00, 7.84042268e+00
6.15641977e+00, 5.32471489e+00
9.24895331e+00, 7.39525382e+00
-9.28156608e+00, -1.69754496e-01
7.09632632e+00, -4.76622836e+00
-6.96273493e+00, 2.84178984e+00
0.00000000e+00, 0.00000000e+00
-4.60132795e+00, -6.95130569e+00
-7.45613363e+00, -9.03594307e+00
4.07809475e+00, -1.03380345e+01
-4.09298300e+00, 1.10544692e+01
3.79848128e+00, 1.06665114e+01
4.04728143e+00, 6.72401928e+00
9.70924722e+00, 3.26006265e+00
6.65152289e+00, -3.72795432e+00
4.62637086e+00, 9.12592223e+00
0.00000000e+00, 0.00000000e+00
2.13337834e+00, 1.07200660e+01
9.88649198e+00, 1.44789219e+00
-8.22064264e+00, -1.52047600e+00
-6.19420755e+00, -8.70936114e+00
-5.75201348e+00, 9.14278295e+00
-3.16980744e+00, -8.01314800e+00
-9.01320692e+00, -7.19664166e+00
6.06378494e+00, -7.87147449e+00
-7.70010203e+00, -3.81145427e-01
4.67573397e+00, -8.79075586e+00
-6.03793454e+00, 6.72623468e+00
-7.36902598e+00, 2.90194070e-01
0.00000000e+00, 0.00000000e+00
-8.20239697e+00, 1.18635153e+00
-6.56878124e-02, 7.76413702e+00
7.49652502e+00, -2.17582441e+00
8.36028110e-01, -9.65041746e+00
-1.28060160e+00, -1.01096069e+01
2.14080219e+00, -7.52470747e+00
9.37315996e-01, 8.64908082e+00
-1.42945894e+00, 1.09221848e+01
8.83605589e+00, 6.69282891e+00
-2.84671108e+00, -8.56624454e+00
-4.34457496e+00, 9.62538765e+00
-5.35720165e+00, 5.59882469e+00
6.00508274e+00, -5.15154703e+00
-1.03692842e+01, -2.34264667e+00
7.68486115e+00, 8.03821179e+00
1.85631337e+00, 9.12344425e+00
0.00000000e+00, 0.00000000e+00
-7.75848264e+00, 1.80610613e+00
-4.88871663e+00, -1.00852574e+01
7.22625874e+00, 2.53394548e+00
0.00000000e+00, 0.00000000e+00
-3.42086429e+00, -9.90827846e+00
-9.83168285e+00, -5.74417571e+00
0.00000000e+00, 0.00000000e+00
-8.28851275e+00, 7.70368165e+00
6.04492067e+00, -9.80476407e+00
-7.28331905e+00, -6.68153537e+00
1.04223061e+01, 2.17186764e+00
4.70370725e+00, 6.51123449e+00
-5.93156133e-01, -1.14786406e+01
7.21962309e+00, 5.18178029e+00
-8.41603810e-01, 9.66879967e+00
9.84704655e+00, -3.86445345e+00
1.01027024e+01, -4.76730614e+00
-5.88777912e+00, -8.21126288e+00
-7.63791243e+00, -7.43402293e+00
1.08781111e+01, 2.42761293e+00
2.14155510e+00, -1.08903367e+01
5.02084408e+00, 1.05338677e+01
-6.61593899e+00, 6.85246899e+00
6.36403936e+00, -6.29179200e+00
4.39595207e-01, -1.12965498e+01
-9.13745450e-01, 9.24046837e+00
-1.09117105e+01, 4.42530843e+00
-9.52080151e+00, 1.31725657e+00
-7.41524455e+00, -4.27283327e+00
-1.09897762e+01, 9.25048784e-01
7.37899405e+00, 8.90570213e+00
6.14804486e+00, -4.05284002e+00
-3.63357600e+00, -9.89718041e+00
2.37350365e+00, -1.18244336e+01
8.34255506e+00, -6.47511409e-01
4.90642690e+00, -8.29442229e+00
3.60161717e+00, 8.61729299e+00
-4.37615036e+00, 9.71675480e+00
-5.79250864e+00, -7.64892477e+00
9.97645240e+00, 7.74876637e-01
-1.02391916e+01, 3.28586347e+00
-4.64020660e+00, 7.03327937e+00
8.69390462e+00, 2.46493864e+00
1.16534213e+01, -5.04955619e-01
-5.47387695e+00, 6.15170248e+00
2.83445514e+00, -1.03209662e+01
7.74737931e+00, 5.40092891e+00
5.12434545e+00, -5.99459076e+00
-6.81873522e+00, 5.70051604e+00
1.08871830e+01, -1.61884081e+00
7.13377782e+00, 2.14938015e+00
-6.43644662e+00, 3.93670500e+00
-8.31958705e+00, -7.45441921e+00
-9.15032601e+00, 1.95996264e+00
3.38262070e+00, 9.53303704e+00
7.40809844e+00, -2.10049751e+00
8.41152697e+00, -3.49524996e+00
8.68538860e+00, -7.94590807e+00
1.03191621e+01, 5.94271185e+00
9.84718023e+00, -1.09366252e-01
-1.20134891e+00, 1.03609615e+01
-6.06618759e+00, 9.04772503e+00
-4.18561925e+00, -9.15166253e+00
-9.72912211e+00, 3.89777598e+00
8.31182277e+00, -3.79157010e+00
-3.32011736e+00, 1.07821164e+01
9.21791795e+00, 1.21353843e-01
5.39393971e+00, -5.07658852e+00
7.34844003e+00, -3.35434079e+00
-8.26094141e+00, -2.73708651e+00
6.17767242e+00, 5.75773972e+00
-9.62652455e+00, 2.81367375e+00
8.78831581e+00, -2.88064217e+00
-5.72942952e+00, 6.36465059e+00
-7.08935698e+00, -5.78859370e+00
-3.75114044e+00, -9.06840388e+00
0.00000000e+00, 0.00000000e+00
-4.16795458e+00, -7.44851360e+00
5.39502566e+00, 9.83659702e+00
4.72884888e+00, 9.35396950e+00
-6.80945048e+00, 4.25234759e+00
7.98737279e+00, 7.80538782e+00
-1.07109965e+01, -2.53805804e+00
-8.24673293e+00, -1.85600506e+00
-7.54601482e+00, 3.92550162e+00
0.00000000e+00, 0.00000000e+00
-6.53438754e-01, 1.04717426e+01

0.00000000e+00, 0.00000000e+00
-8.62300268e+00, 7.48600887e+00
4.37412671e+00, 1.09250903e+01
0.00000000e+00, 0.00000000e+00
-9.01282236e+00, -1.22753629e+00
-1.60206833e+00, -1.02962467e+01
-4.83563393e-02, 7.39132846e+00
-6.79601615e+00, 4.36743477e+00
3.02565608e+00, 1.18131949e+01
-3.44150282e+00, 9.71589596e+00
9.65567233e+00, -1.16411207e+00
1.73354721e+00, -9.73450926e+00
-4.85665715e+00, 7.21547961e+00
0.00000000e+00, 0.00000000e+00
0.00000000e+00, 0.00000000e+00
7.60460940e+00, 5.67806165e-01
8.40214901e+00, -1.12775550e+00
0.00000000e+00, 0.00000000e+00
-5.28446715e+00, -8.27476968e+00
8.78763897e+00, -3.48147226e+00
-1.07152722e+00, -8.63628158e+00
5.84326974e+00, 8.93368147e+00
-4.97898936e+00, 1.02168149e+01
-3.06751952e+00, -8.48824312e+00
0.00000000e+00, 0.00000000e+00
3.22349300e+00, -8.68139890e+00
0.00000000e+00, 0.00000000e+00
5.60476772e+00, -5.75638933e+00
-2.52194439e+00, 1.00291714e+01
9.37929519e-01, 9.45165801e+00
-8.92914722e+00, 4.57464201e+00
5.19744573e+00, 5.83832088e+00
1.08659578e+01, -5.38085109e+00
-7.02358866e+00, 8.43640216e+00
8.74332853e-01, 1.01307517e+01
1.74287527e+00, -7.73173050e+00
7.17088590e+00, -2.73980811e+00
9.16675825e-02, 8.17341148e+00
1.01785025e+01, -2.66666641e+00
4.83630400e+00, 6.08034424e+00
1.77225566e+00, 7.44583255e+00
8.70651340e-01, -1.00777207e+01
4.04828155e+00, 1.15084736e+01
1.12695996e+01, 4.64416265e+00
6.30820428e+00, -3.73707811e+00
-6.55624932e+00, 4.77355935e+00
-8.71903679e+00, -2.49219241e+00
8.31690018e+00, 6.68836324e+00
8.75609177e+00, -8.80989762e-01
-7.96046740e+00, -7.54482127e+00
1.01972299e+01, -5.03543051e+00
-1.09072642e+00, -1.20500506e+01
-1.05475885e+01, 7.24378902e-01
1.00283950e+01, 5.94344175e+00
1.88440105e+00, 1.02173709e+01
1.49149060e+00, 8.79441970e+00
0.00000000e+00, 0.00000000e+00
-8.36520063e+00, -2.30861506e+00
-7.75655509e+00, -5.68627864e+00
5.52612858e+00, -7.04913106e+00
-7.58887586e+00, -4.83648112e+00
-1.04814348e+01, 1.67501691e+00
3.92864506e+00, 1.00529229e+01
-3.55639262e+00, -8.63266955e+00
3.17009150e+00, 8.43352916e+00
-4.64720899e+00, 9.84242599e+00
-4.14848444e+00, -1.10611087e+01
8.17284781e+00, 5.61441570e+00
8.55411133e+00, 6.37185855e+00
-8.71962588e+00, -5.15947932e+00
-2.09543925e+00, 1.09049206e+01
1.20904518e+01, 8.93063584e-01
-7.41173997e+00, 3.58348680e+00
-4.01017151e+00, -1.02979284e+01
1.85829360e+00, -8.99928684e+00
3.87775607e+00, 1.08533416e+01
7.49048080e+00, -4.55369981e+00
-8.41091085e+00, -4.92725289e+00
-1.15382136e+01, -3.92052390e-02
-2.96254262e+00, 9.27568140e+00
7.39545893e+00, 7.96487427e+00
-2.41361906e+00, -1.11508689e+01
7.38994278e+00, 6.35974422e+00
8.27610189e+00, -3.27514936e+00
5.25699744e+00, -1.01185915e+01
-5.40065903e+00, -7.49792107e+00
7.40185736e+00, 3.16904863e+00
-1.70909694e+00, 8.92812083e+00
8.79743222e+00, -3.31637096e+00
1.31434473e+00, -1.04503634e+01
-8.60122965e+00, -7.82557094e+00
-9.19615076e+00, 4.02459633e+00
-3.51756099e+00, 7.74577096e+00
-6.90295476e+00, 9.96909349e+00
9.31952387e+00, -1.61030610e-01
6.27006826e+00, 6.10086441e+00
-7.03811348e+00, 2.73908758e+00
-8.29043897e+00, 9.39560827e-01
-6.04170469e+00, 4.93166033e+00
7.18992090e+00, 8.67500398e+00
1.35678234e+00, -9.45342369e+00
-6.45097858e+00, -4.55078088e+00
-7.00001995e+00, 7.44831081e+00
5.07798459e+00, 8.19314197e+00
-8.79694922e+00, -5.43050225e+00
5.98913699e+00, 4.76710815e+00
1.77304990e+00, 9.50153732e+00
6.20513040e+00, -6.60003048e+00
0.00000000e+00, 0.00000000e+00
4.87789097e+00, -9.15396956e+00
0.00000000e+00, 0.00000000e+00
-2.68234656e+00, -1.08082784e+01
-8.05830560e+00, 3.64744471e+00
5.16183692e+00, 8.46828201e+00
-7.07826110e+00, 5.83214986e+00
-5.41106583e+00, -6.66616874e+00
4.41466236e+00, -9.70925930e+00
1.04689107e+01, -1.41596635e-01
-6.03148780e+00, -8.39341867e+00
-2.22086213e+00, -8.80748762e+00
7.96266661e+00, 1.24740371e+00
-5.74200669e+00, -5.89555358e+00
7.28943185e+00, 6.36908098e-01
6.98700698e+00, -7.85731156e+00
7.27880027e+00, -7.67091664e+00
0.00000000e+00, 0.00000000e+00
-4.59241047e+00, -1.03950150e+01
-2.97214398e+00, -8.75041927e+00
9.71198803e+00, -5.00240943e+00
8.92421347e+00, -4.53052601e+00
4.22668601e+00, -1.11266912e+01
1.04906576e+01, -8.51269765e-01
-9.48747016e+00, -6.64973419e+00
3.63221226e+00, -1.04917911e+01
0.00000000e+00, 0.00000000e+00
-6.43394176e+00, -9.62754863e+00
-5.81720827e+00, -8.41563792e+00
1.00201852e+01, 1.57446374e+00
-1.13551976e+01, -7.26495373e-01
9.19265563e+00, 3.41800934e+00
-1.01062995e+01, 2.57684731e+00
-7.33142839e+00, 4.34115716e+00
3.41306928e+00, -9.52414017e+00
9.61404030e+00, -7.88395025e-01
-8.85020023e+00, -5.54694452e+00
9.44941888e+00, -4.32800740e+00
5.18712994e+00, -7.90710748e+00
6.49509670e-01, -1.16888117e+01
-8.35003856e+00, 7.52453779e-01
1.14960527e+01, -1.79083190e+00
5.77759580e-01, -1.11111823e+01
1.06032596e+01, -3.05745622e+00
-9.28653498e+00, -3.85271015e+00
-5.76625363e+00, 7.73680743e+00
-6.43292328e+00, -5.30556754e+00
3.31944349e+00, 8.51475271e+00
-9.03148576e+00, -5.58661461e+00
0.00000000e+00, 0.00000000e+00
6.69151745e+00, -3.05547876e+00
1.08680894e+01, -4.19266146e+00
2.23704160e+00, -9.43537675e+00
-2.54446218e+00, 7.66028439e+00
4.24543295e-01, -1.17008301e+01
8.91438717e+00, 7.94129888e+00
9.36451177e+00, -5.43105256e+00
1.96576783e+00, 7.88843892e+00
1.51633013e+00, 7.78528542e+00
6.18049643e+00, 5.23352828e+00
9.12754100e+00, 7.45584962e+00
-9.23379522e+00, -2.65477485e-01
7.01099875e+00, -4.81607855e+00
0.00000000e+00, 0.00000000e+00
0.00000000e+00, 0.00000000e+00
-4.60130295e+00, -6.90002832e+00
-7.51418967e+00, -8.91488174e+00
4.16587306e+00, -1.02455824e+01
-3.95832025e+00, 1.10438178e+01
3.66919842e+00, 1.06544805e+01
3.95648729e+00, 6.73159529e+00
9.69572367e+00, 3.14314404e+00
6.57825158e+00, -3.77789013e+00
4.50884172e+00, 9.12945462e+00
0.00000000e+00, 0.00000000e+00
2.23452798e+00, 1.06459007e+01
9.82297350e+00, 1.54363613e+00
-8.16322705e+00, -1.59833685e+00
-6.07351600e+00, -8.73145416e+00
-5.81917965e+00, 9.03857219e+00
-3.07048942e+00, -8.00585706e+00
-8.89489229e+00, -7.25566521e+00
6.11592226e+00, -7.76978676e+00
-7.66430402e+00, -2.99015105e-01
4.74424868e+00, -8.69901037e+00
-6.07785086e+00, 6.62991697e+00
-7.33348121e+00, 2.11943773e-01
0.00000000e+00, 0.00000000e+00
-8.14846798e+00, 1.26570365e+00
-1.46175314e-01, 7.72343605e+00
7.43529356e+00, -2.24266478e+00
9.32303810e-01, -9.59420967e+00
-1.37949864e+00, -1.00468650e+01
2.20812213e+00, -7.46371924e+00
1.02261456e+00, 8.59593942e+00
-1.30893940e+00, 1.08841373e+01
8.72366867e+00, 6.75232218e+00
-2.74340273e+00, -8.55319529e+00
-4.22331510e+00, 9.62372734e+00
-5.27128953e+00, 5.62572173e+00
6.02791314e+00, -5.06262109e+00
-1.02944880e+01, -2.43910347e+00
7.56406782e+00, 8.07923099e+00
1.75219835e+00, 9.09755824e+00
0.00000000e+00, 0.00000000e+00
-7.71651584e+00, 1.79523171e+00
-4.96996095e+00, -9.98563991e+00
7.16248756e+00, 2.59606542e+00
0.00000000e+00, 0.00000000e+00
-3.40398785e+00, -9.85802442e+00
-9.72446854e+00, -5.81868560e+00
0.00000000e+00, 0.00000000e+00
-8.24834123e+00, 7.66696513e+00
6.11772773e+00, -9.69460327e+00
-7.31707061e+00, -6.57297340e+00
1.03696321e+01, 2.16115101e+00
4.61190707e+00, 6.52693453e+00
-4.70920047e-01, -1.14294285e+01
7.23747421e+00, 5.08077333e+00
-7.36879236e-01, 9.62996721e+00
9.75893441e+00, -3.94806742e+00
1.00042472e+01, -4.84931211e+00
-5.77355155e+00, -8.23232094e+00
-7.67809727e+00, -7.31843773e+00
1.08002256e+01, 2.52899989e+00
2.24444974e+00, -1.08153447e+01
4.99692312e+00, 1.04831595e+01
-6.51199576e+00, 6.88747323e+00
6.39775510e+00, -6.19418526e+00
5.54954314e-01, -1.12373913e+01
-8.13079855e-01, 9.20417583e+00
-1.09051974e+01, 4.29052833e+00
-9.48757717e+00, 1.21171885e+00
-7.33345503e+00, -4.32849134e+00
-1.09461618e+01, 8.06270743e-01
7.25079700e+00, 8.93949771e+00
6.15805449e+00, -3.96760066e+00
-3.51294607e+00, -9.88679294e+00
2.48506210e+00, -1.17429356e+01
8.29361639e+00, -7.31058114e-01
4.96853943e+00, -8.20251446e+00
3.67343560e+00, 8.53715387e+00
-4.25381033e+00, 9.71502691e+00
-5.68437772e+00, -7.67147313e+00
9.91950353e+00, 8.74855499e-01
-1.02236336e+01, 3.16340851e+00
-4.54357656e+00, 7.04604762e+00
8.67625570e+00, 2.36220631e+00
1.16025225e+01, -3.81332965e-01
-5.51011053e+00, 6.06349875e+00
2.92802689e+00, -1.02413288e+01
7.76527569e+00, 5.29363508e+00
5.03564480e+00, -6.01716613e+00
-6.72535801e+00, 5.74298923e+00
1.08512705e+01, -1.49776705e+00
7.11894196e+00, 2.06388908e+00
-6.36201014e+00, 3.98325982e+00
-8.35686527e+00, -7.33183159e+00
-9.12542321e+00, 1.85506388e+00
3.46523003e+00, 9.45120360e+00
7.36989492e+00, -2.08967822e+00
8.40606349e+00, -3.39035155e+00
8.72620498e+00, -7.81732976e+00
1.03313277e+01, 5.80681688e+00
9.79767984e+00, -2.11263907e-01
-1.30326029e+00, 1.02979631e+01
-5.94266354e+00, 9.06693183e+00
-4.06992837e+00, -9.15038889e+00
-9.72226797e+00, 3.77759353e+00
8.30995946e+00, -3.68624604e+00
-3.41620438e+00, 1.06954760e+01
9.17125954e+00, 1.20022254e-01
5.31288934e+00, -5.10622089e+00
7.34587056e+00, -3.26074479e+00
-8.21766961e+00, -2.72272577e+00
6.08656751e+00, 5.79296414e+00
-9.55009740e+00, 2.90002551e+00
8.71475802e+00, -2.95778853e+00
-5.76682661e+00, 6.27299583e+00
-7.11435835e+00, -5.68607240e+00
-3.82704250e+00, -8.98482245e+00
0.00000000e+00, 0.00000000e+00
-4.22447551e+00, -7.36762631e+00
5.47123769e+00, 9.73292122e+00
4.80310465e+00, 9.25921610e+00
-6.73040137e+00, 4.30150132e+00
8.02990739e+00, 7.68455638e+00
-1.06327048e+01, -2.63715907e+00
-8.22442681e+00, -1.76081599e+00
-7.54883283e+00, 3.82718858e+00
0.00000000e+00, 0.00000000e+00
-5.41337637e-01, 1.04275323e+01

