2.00000000e+00
7.98440033e-02
7.68229595e-02
6.28870925e-02
9.16195068e-02
6.06968876e-02
8.04176754e-02
1.08808802e-02
8.39112235e-02
5.24287190e-02
7.71357698e-02
8.91529452e-02
9.19026474e-02
8.60558479e-03
3.48892935e-02
6.30958383e-03
8.50919787e-02
7.60248736e-02
3.92803434e-03
7.20952343e-02
3.54048680e-02
8.80075236e-02
8.93372415e-02
5.88640133e-02
9.23969789e-02
9.10972031e-02
9.20128254e-02
4.31953418e-02
3.07457874e-02
2.76234672e-02
9.06803934e-02
7.60475228e-02
3.83188331e-02
2.32261539e-02
7.32148516e-02
7.45071389e-02
5.21563380e-02
7.32654412e-02
7.59734842e-02
7.82321417e-03
8.19677280e-02
1.57807129e-02
1.25468476e-02
7.23287994e-03
1.80372266e-02
8.19695153e-02
4.52575846e-02
7.57293832e-02
8.77613778e-02
7.47802867e-02
8.31037541e-02
9.83595738e-02
8.30011834e-02
2.48044118e-02
3.16867137e-02
6.33072194e-02
9.71465710e-02
1.13280555e-02
4.50917558e-02
3.23145976e-04
2.33891705e-02
3.04955683e-02
4.08643028e-03
6.37640153e-02
6.27157886e-02
2.02212774e-02
2.57265482e-02
8.77383928e-02
3.61600908e-02
2.88777775e-02
1.89750982e-02
3.31479076e-02
9.18930388e-02
6.85785792e-02
9.16272912e-02
5.48042050e-02
8.73978968e-02
2.73911169e-02
8.48942163e-02
6.84178439e-02
4.92421718e-02
2.21965542e-02
3.60442605e-02
6.22095452e-02
3.34971691e-02
2.58906120e-02
6.47207382e-02
9.11485795e-03
2.65461323e-02
1.57272117e-02
2.07843591e-02
3.94388377e-02
6.38654147e-02
1.36074612e-02
7.74386235e-02
7.21005789e-02
7.07909095e-02
9.39195105e-03
6.57119909e-02
5.34222955e-03
4.42560235e-02
5.29899219e-02
8.88723325e-02
5.25747116e-02
8.29808300e-02
1.69649501e-02
2.90828663e-02
8.14908666e-02
7.78257331e-02
2.21009364e-02
6.74605244e-02
4.01187652e-02
3.85748235e-02
1.45793436e-03
7.37407731e-02
9.19590892e-02
3.11950472e-02
8.43909632e-02
4.00709048e-02
6.77812362e-02
6.85721792e-02
5.67831086e-02
2.61570322e-02
3.41354471e-02
3.13229552e-02
5.03460985e-02
1.91111638e-02
5.47397095e-02
9.26575795e-02
5.52568411e-02
5.94497271e-02
3.24541417e-02
7.59323591e-02
6.04378772e-02
8.65085503e-02
6.11980722e-02
1.48341938e-02
5.18150670e-02
4.89810002e-02
3.84658408e-02
4.13077831e-02
7.17596749e-02
4.46742522e-02
7.42604300e-03
2.19787836e-02
4.62852250e-02
9.48910824e-02
5.36742494e-02
4.66168597e-02
4.58038986e-02
2.57585365e-02
4.02378775e-02
1.91027668e-02
9.16522677e-02
1.09777689e-02
5.92691897e-02
5.60871769e-02
3.43841380e-02
7.70685880e-02
4.47981526e-02
9.65681581e-02
3.66027943e-02
2.72987121e-02
6.23194456e-02
2.82283760e-02
1.76238786e-02
1.38662569e-03
6.48545124e-02
7.05569676e-03
2.93177373e-02
1.90709214e-02
7.53382678e-02
5.23548375e-02
3.27616117e-02
5.01678852e-03
6.81921735e-02
2.97933227e-02
5.34393988e-03
1.36170510e-02
9.45501631e-02
2.56969052e-02
4.76354667e-02
5.82250143e-02
6.33584835e-02
3.47545953e-02
3.07168349e-02
2.69022361e-02
7.59208425e-02
8.45122878e-02
6.67960159e-02
2.56227886e-02
6.11410935e-02
7.36746956e-02
2.38631992e-03
7.08262450e-02
7.82578821e-03
4.33947123e-03
6.11241182e-02
1.66094060e-02
6.98011509e-04
9.22572019e-02
1.01480323e-02
9.50427480e-03
9.37713878e-02
8.45272995e-02
4.34398095e-02
1.29975988e-02
6.59877610e-02
2.10863152e-02
9.43222088e-02
5.14935953e-02
1.60161896e-02
6.49786549e-02
7.80250516e-02
8.67197347e-02
1.77132981e-02
5.96191330e-02
4.06615055e-02
2.21725755e-02
9.74905747e-03
9.34181140e-02
6.35203921e-02
5.78812517e-02
5.99706545e-02
7.77410239e-02
6.66707096e-02
1.02233266e-02
2.87736399e-02
5.06914654e-02
2.94601301e-02
2.32848118e-02
8.12996873e-02
6.17582185e-02
7.67533766e-03
3.59785848e-02
1.00685681e-02
1.04174181e-02
3.66796333e-02
6.82348148e-03
6.74849562e-02
2.24415482e-02
1.26079913e-02
1.92485796e-02
1.84577432e-02
8.08616774e-02
4.47294698e-03
8.61265012e-02
6.67908321e-02
7.11905978e-02
1.54710507e-02
5.32514146e-02
4.60067454e-02
1.91630310e-02
6.53086683e-02
4.26411559e-02
8.09354809e-02
2.84279932e-02
8.53784505e-02
1.40337989e-02
9.67694112e-02
8.02603709e-02
5.32341894e-02
8.85283030e-03
8.99520939e-02
2.19853357e-02
4.61488904e-02
8.35532573e-02
6.72560165e-02
3.84509011e-02
1.03243574e-02
9.21404704e-02
9.68394704e-02
2.87189462e-02
3.64958751e-03
2.85149179e-02
6.24059603e-02
9.96041547e-02
2.64623835e-02
7.29701566e-02
8.89510871e-02
6.39198518e-02
8.70052688e-02
8.28621555e-02
8.60784212e-02
9.09511911e-02
1.87693169e-02
6.27879859e-02
3.78799160e-02
6.50065586e-02
8.95353720e-02
4.64392884e-02
3.34015777e-02
2.45754952e-03
3.85281606e-02
1.44946184e-02
2.46989738e-02
8.44113018e-02
4.76850003e-02
8.80725088e-02
2.78004646e-02
